static
uchar	_breakdata[19984] =
{
	32,32,32,32,32,32,32,32,32,32,0,34,34,0,32,32,
	32,32,32,32,32,32,32,32,32,32,32,32,32,32,32,32,
	12,0,0,0,0,0,0,0,0,0,0,0,8,0,8,0,
	10,10,10,10,10,10,10,10,10,10,7,8,0,0,0,0,
	6,6,6,6,6,6,6,6,6,6,6,6,6,6,6,6,
	6,6,6,6,6,6,6,6,6,6,0,0,0,0,11,0,
	6,6,6,6,6,6,6,6,6,6,6,6,6,6,6,6,
	6,6,6,6,6,6,6,6,6,6,0,0,0,0,32,32,
	32,32,32,34,32,32,32,32,32,32,32,32,32,32,32,32,
	32,32,32,32,32,32,32,32,32,32,32,32,32,32,0,0,
	0,0,0,0,0,0,0,176,6,0,0,36,176,0,0,0,
	0,0,0,6,0,7,6,0,6,0,0,0,0,0,6,6,
	6,6,6,6,6,6,6,6,6,6,6,6,6,6,6,6,
	6,6,6,6,6,0,6,6,6,6,6,6,6,6,6,6,
	6,6,6,6,6,6,6,6,6,6,6,6,6,6,6,6,
	6,6,6,6,6,6,0,0,0,0,0,0,6,6,6,6,
	6,6,6,6,6,6,6,6,6,6,6,6,6,6,6,6,
	6,6,6,6,6,6,6,6,6,6,6,6,51,51,51,51,
	51,51,51,51,51,51,51,51,51,51,51,51,51,51,51,51,
	51,51,51,51,51,51,51,51,51,51,51,51,6,6,6,6,
	6,0,6,6,0,0,6,6,6,6,8,6,0,0,0,0,
	0,0,6,7,6,6,6,0,6,0,6,6,6,6,6,6,
	6,6,6,6,6,6,6,6,6,6,6,6,0,6,6,6,
	6,6,6,6,6,6,6,6,6,6,6,6,6,6,6,6,
	6,6,6,6,6,6,6,6,6,6,6,6,6,0,6,6,
	6,6,6,6,6,6,6,6,6,6,6,6,6,6,6,6,
	6,6,6,6,6,6,6,6,6,6,6,6,6,6,0,51,
	51,51,51,51,51,51,6,6,6,6,6,6,6,6,6,6,
	6,6,6,6,6,6,6,6,6,6,6,6,6,6,6,6,
	6,6,6,6,6,6,0,6,6,6,6,6,6,6,6,6,
	6,6,6,6,6,6,6,6,6,6,6,6,6,6,0,0,
	6,6,6,6,0,6,7,6,6,6,6,6,6,6,6,6,
	6,6,6,6,6,6,6,6,6,6,6,6,6,6,6,6,
	6,6,6,6,6,6,6,8,6,0,0,0,0,0,0,51,
	51,51,51,51,51,51,51,51,51,51,51,51,51,51,51,51,
	51,51,51,51,51,51,51,51,51,51,51,51,51,0,51,51,
	0,51,51,0,51,0,0,0,0,0,0,0,0,1,1,1,
	1,1,1,1,1,1,1,1,1,1,1,1,1,0,0,0,
	0,1,1,1,1,6,7,0,0,0,0,0,0,0,0,0,
	0,0,26,26,26,26,26,26,0,0,0,0,0,0,8,8,
	0,0,51,51,51,51,51,51,51,51,51,51,51,0,36,0,
	0,0,6,6,6,6,6,6,6,6,6,6,6,6,6,6,
	6,6,6,6,6,6,6,6,6,6,6,6,6,6,6,6,
	6,6,51,51,51,51,51,51,51,51,51,51,51,51,51,51,
	51,51,51,51,51,51,51,10,10,10,10,10,10,10,10,10,
	10,0,10,8,0,6,6,51,6,6,6,6,6,6,6,6,
	6,6,6,6,6,6,6,6,6,6,6,6,6,6,6,6,
	6,6,6,6,6,6,6,6,0,6,51,51,51,51,51,51,
	51,26,0,51,51,51,51,51,6,6,51,51,0,51,51,51,
	51,6,6,10,10,10,10,10,10,10,10,10,10,6,6,6,
	0,0,6,0,0,0,0,0,0,0,0,0,0,0,0,0,
	0,0,22,6,51,6,6,6,6,6,6,6,6,6,6,6,
	6,6,6,6,6,51,51,51,51,51,51,51,51,51,51,51,
	51,51,51,51,51,0,0,6,6,6,6,6,6,6,6,6,
	6,6,6,6,6,6,6,6,6,6,6,6,6,6,6,6,
	6,6,6,6,6,6,6,51,51,51,51,51,51,51,51,51,
	51,51,6,0,0,0,0,0,0,0,0,0,0,0,0,0,
	0,10,10,10,10,10,10,10,10,10,10,6,6,6,6,6,
	6,6,6,6,6,6,6,6,6,6,6,6,6,6,6,6,
	6,51,51,51,51,51,51,51,51,51,6,6,0,0,8,0,
	6,0,0,51,0,0,6,6,6,6,6,6,6,6,6,6,
	6,6,6,6,6,6,6,6,6,6,6,6,51,51,51,51,
	6,51,51,51,51,51,6,51,51,51,6,51,51,51,51,51,
	0,0,0,0,0,0,0,0,0,0,0,0,0,0,0,0,
	0,0,6,6,6,6,6,6,6,6,6,6,6,6,6,6,
	6,6,6,6,6,6,6,6,6,6,6,51,51,51,0,0,
	0,0,6,6,6,6,6,6,6,6,6,6,6,0,0,0,
	0,0,6,6,6,6,6,6,6,6,6,6,6,6,6,6,
	6,6,0,6,6,6,6,6,6,6,26,26,0,0,0,0,
	0,51,51,51,51,51,51,51,51,51,6,6,6,6,6,6,
	6,6,6,6,6,6,6,6,6,6,6,6,6,6,6,6,
	6,6,6,6,6,6,6,6,6,6,51,51,51,51,51,51,
	51,51,51,51,51,51,51,51,51,51,51,51,51,51,51,51,
	26,51,51,51,51,51,51,51,51,51,51,51,51,51,51,51,
	51,51,51,51,51,51,51,51,51,51,51,51,51,51,163,6,
	6,6,6,6,6,6,6,6,6,6,6,6,6,6,6,6,
	6,6,6,6,6,6,6,6,6,6,6,51,163,51,6,163,
	163,51,51,51,51,51,51,51,51,163,163,163,163,51,163,163,
	6,51,51,51,51,51,51,51,6,6,6,6,6,6,6,6,
	51,51,0,0,10,10,10,10,10,10,10,10,10,10,0,6,
	6,6,6,6,6,6,6,6,6,6,6,6,6,6,51,163,
	163,0,6,6,6,6,6,6,6,6,0,0,6,6,0,0,
	6,6,6,6,6,6,6,6,6,6,6,6,6,0,6,6,
	6,6,6,6,6,0,6,0,0,0,6,6,6,6,0,0,
	51,6,51,163,51,51,51,51,0,0,163,163,0,0,163,163,
	51,6,0,0,0,0,0,0,0,0,51,0,0,0,0,6,
	6,0,6,6,51,51,0,0,10,10,10,10,10,10,10,10,
	10,10,6,6,0,0,0,0,0,0,0,0,0,0,6,0,
	51,0,51,51,163,0,6,6,6,6,6,6,0,0,0,0,
	6,6,0,0,6,6,6,6,6,6,6,6,6,6,6,6,
	6,0,6,6,6,6,6,6,6,0,6,6,0,6,6,0,
	6,6,0,0,51,0,163,163,51,51,0,0,0,0,51,51,
	0,0,51,51,51,0,0,0,51,0,0,0,0,0,0,0,
	6,6,6,6,0,6,0,0,0,0,0,0,10,10,10,10,
	10,10,10,10,10,10,51,51,6,6,6,51,0,0,0,0,
	0,0,0,0,0,0,51,51,163,0,6,6,6,6,6,6,
	6,6,6,0,6,6,6,0,6,6,6,6,6,6,6,6,
	6,6,6,6,6,0,6,6,6,6,6,6,6,0,6,6,
	0,6,6,6,6,6,0,0,51,6,163,163,51,51,51,51,
	51,0,51,51,163,0,163,163,51,0,0,6,0,0,0,0,
	0,0,0,0,0,0,0,0,0,0,0,6,6,51,51,0,
	0,10,10,10,10,10,10,10,10,10,10,0,0,0,0,0,
	0,0,0,0,6,51,51,51,51,51,51,0,51,163,163,0,
	6,6,6,6,6,6,6,6,0,0,6,6,0,0,6,6,
	6,6,6,6,6,6,6,6,6,6,6,0,6,6,6,6,
	6,6,6,0,6,6,0,6,6,6,6,6,0,0,51,6,
	51,51,163,51,51,51,51,0,0,163,163,0,0,163,163,51,
	0,0,0,0,0,0,0,51,51,51,0,0,0,0,6,6,
	0,6,6,51,51,0,0,10,10,10,10,10,10,10,10,10,
	10,0,6,0,0,0,0,0,0,0,0,0,0,0,0,0,
	0,51,6,0,6,6,6,6,6,6,0,0,0,6,6,6,
	0,6,6,6,6,0,0,0,6,6,0,6,0,6,6,0,
	0,0,6,6,0,0,0,6,6,6,0,0,0,6,6,6,
	6,6,6,6,6,6,6,6,6,0,0,0,0,51,163,163,
	0,0,0,163,163,163,0,163,163,163,51,0,0,6,0,0,
	0,0,0,0,51,0,0,0,0,0,0,0,0,10,10,10,
	10,10,10,10,10,10,10,0,0,0,0,0,0,0,0,0,
	0,0,0,0,0,0,0,51,163,163,163,51,6,6,6,6,
	6,6,6,6,0,6,6,6,0,6,6,6,6,6,6,6,
	6,6,6,6,6,6,6,0,6,6,6,6,6,6,6,6,
	6,6,6,6,6,6,6,6,0,0,51,6,51,51,163,163,
	163,163,0,51,51,51,0,51,51,51,51,0,0,0,0,0,
	0,0,51,51,0,6,6,6,0,6,6,0,0,6,6,51,
	51,0,0,10,10,10,10,10,10,10,10,10,10,0,0,0,
	0,0,0,0,0,0,0,0,0,0,0,0,0,6,51,163,
	163,0,6,6,6,6,6,6,6,6,0,6,6,6,0,6,
	6,6,6,6,6,6,6,6,6,6,6,6,6,0,6,6,
	6,6,6,6,6,6,6,6,0,6,6,6,6,6,0,0,
	51,6,163,51,163,51,163,163,0,51,51,51,0,51,51,51,
	51,0,0,0,0,0,0,0,51,51,0,0,0,0,0,6,
	6,6,0,6,6,51,51,0,0,10,10,10,10,10,10,10,
	10,10,10,0,6,6,163,0,0,0,0,0,0,0,0,0,
	0,0,0,51,51,163,163,6,6,6,6,6,6,6,6,6,
	0,6,6,6,0,6,6,6,6,6,6,6,6,6,6,6,
	6,6,6,6,6,6,6,6,6,6,6,6,6,6,6,6,
	51,51,6,51,163,51,51,51,51,0,163,163,163,0,163,163,
	163,51,22,0,0,0,0,0,6,6,6,51,0,0,0,0,
	0,0,0,6,6,51,51,0,0,10,10,10,10,10,10,10,
	10,10,10,0,0,0,0,0,0,0,0,0,0,6,6,6,
	6,6,6,0,51,163,163,0,6,6,6,6,6,6,6,6,
	6,6,6,6,6,6,6,6,6,6,0,0,0,6,6,6,
	6,6,6,6,6,6,6,6,6,6,6,6,6,6,6,0,
	6,6,6,6,6,6,6,6,6,0,6,0,0,6,6,6,
	6,6,6,6,0,0,0,51,0,0,0,0,51,163,163,51,
	51,51,0,51,0,163,163,163,163,163,163,163,51,0,0,0,
	0,0,0,10,10,10,10,10,10,10,10,10,10,0,0,163,
	163,0,0,0,0,0,0,0,0,0,0,0,0,0,0,0,
	0,0,0,0,0,0,0,0,0,0,0,0,0,0,0,0,
	0,51,0,160,51,51,51,51,51,51,51,0,0,0,0,0,
	0,0,51,51,51,51,51,51,51,51,0,10,10,10,10,10,
	10,10,10,10,10,0,0,0,0,0,0,0,0,0,0,0,
	0,0,0,0,0,0,0,0,0,0,0,0,0,0,0,0,
	0,0,0,0,0,51,0,160,51,51,51,51,51,51,51,51,
	51,0,0,0,0,0,0,0,0,51,51,51,51,51,51,51,
	0,10,10,10,10,10,10,10,10,10,10,0,0,0,0,0,
	0,0,0,0,0,0,0,0,0,0,0,0,0,0,0,0,
	0,0,0,0,0,0,0,0,0,0,0,6,0,0,0,0,
	0,0,0,0,0,0,0,0,0,0,0,0,0,0,0,0,
	0,0,0,51,51,0,0,0,0,0,0,10,10,10,10,10,
	10,10,10,10,10,0,0,0,0,0,0,0,0,0,0,0,
	51,0,51,0,51,0,0,0,0,163,163,6,6,6,6,6,
	6,6,6,0,6,6,6,6,6,6,6,6,6,6,6,6,
	6,6,6,6,6,6,6,6,6,6,6,0,0,0,0,51,
	51,51,51,51,51,51,51,51,51,51,51,51,51,163,51,51,
	51,51,51,0,51,51,6,6,6,6,6,51,51,51,51,51,
	51,51,51,51,51,51,0,51,51,51,51,51,51,51,51,51,
	51,51,51,51,51,51,51,51,51,51,51,51,51,51,51,51,
	51,51,51,51,0,0,0,0,0,0,51,0,0,0,0,0,
	0,0,0,0,0,0,0,0,0,0,0,0,0,0,0,0,
	0,0,0,0,0,0,0,0,0,0,0,3,3,51,51,51,
	51,163,51,51,51,51,51,51,3,51,51,163,163,51,51,0,
	10,10,10,10,10,10,10,10,10,10,0,0,0,0,0,0,
	0,0,0,0,0,0,163,163,51,51,0,0,0,0,51,51,
	0,3,3,3,0,0,3,3,3,3,3,3,3,0,0,0,
	51,51,51,51,0,0,0,0,0,0,0,0,0,0,0,51,
	3,163,51,51,3,3,3,3,3,3,51,0,3,10,10,10,
	10,10,10,10,10,10,10,3,3,3,51,0,0,6,6,6,
	6,6,6,6,6,6,6,6,6,6,6,6,6,6,6,6,
	6,6,6,6,6,6,6,6,6,6,6,6,6,0,6,0,
	0,0,0,0,6,0,0,6,6,6,6,6,6,6,6,6,
	6,6,6,6,6,6,6,6,6,6,6,6,6,6,6,6,
	6,6,0,6,6,6,6,86,86,86,86,86,86,86,86,86,
	86,86,86,86,86,86,86,86,86,86,86,86,86,86,86,86,
	86,86,86,86,86,86,86,102,102,102,102,102,102,102,102,102,
	102,102,102,102,102,102,102,102,102,102,102,102,102,102,102,102,
	102,102,102,102,102,102,102,118,118,118,118,118,118,118,118,118,
	118,118,118,118,118,118,118,118,118,118,118,118,118,118,118,118,
	118,118,118,118,118,118,118,6,6,6,6,6,6,6,6,6,
	6,6,6,6,6,6,6,6,6,6,6,6,6,6,6,6,
	6,6,6,6,6,6,6,0,6,6,6,6,0,0,6,6,
	6,6,6,6,6,0,6,0,6,6,6,6,0,0,6,6,
	6,6,6,6,6,6,6,6,6,6,6,6,6,6,6,6,
	6,6,6,6,6,6,6,6,6,6,6,6,6,6,0,6,
	6,6,6,0,0,6,6,6,6,6,6,6,6,6,6,6,
	6,6,6,6,6,6,0,6,6,6,6,0,0,6,6,6,
	6,6,6,6,0,6,6,6,6,0,0,6,6,6,6,6,
	6,6,6,6,6,6,6,6,6,6,0,6,6,6,6,6,
	6,6,6,6,6,6,6,6,6,6,6,6,6,6,6,6,
	6,6,6,6,6,6,6,6,6,6,6,0,6,6,6,6,
	0,0,6,6,6,6,6,6,6,6,6,6,6,6,6,6,
	6,6,6,6,6,6,6,6,6,6,6,6,6,6,6,6,
	6,6,0,0,51,51,51,0,0,0,0,0,0,0,0,0,
	0,0,0,0,0,0,0,0,0,0,0,0,0,0,0,0,
	0,0,0,0,0,0,0,6,6,6,6,6,6,6,6,6,
	6,6,6,6,6,6,6,0,0,0,0,0,0,0,0,0,
	0,0,0,0,0,0,0,6,6,6,6,6,6,6,6,6,
	6,6,6,6,6,6,6,6,6,6,6,6,6,6,6,6,
	6,6,6,6,6,6,6,0,0,6,6,6,6,6,6,0,
	0,6,6,6,6,6,6,6,6,6,6,6,6,6,6,6,
	6,6,6,6,6,6,6,6,6,6,6,6,6,6,6,6,
	6,0,0,6,6,6,6,6,6,6,6,6,6,6,6,6,
	6,6,6,6,12,6,6,6,6,6,6,6,6,6,6,6,
	6,6,6,6,6,6,6,6,6,6,6,6,6,6,6,0,
	0,0,0,0,6,6,6,6,6,6,6,6,6,6,6,6,
	6,6,6,6,6,6,6,6,6,6,6,6,6,6,6,6,
	6,6,6,6,0,0,0,6,6,6,6,6,6,6,6,6,
	6,6,0,0,0,0,0,0,0,6,6,6,6,6,6,6,
	6,6,6,6,6,6,6,6,6,6,6,51,51,51,51,0,
	0,0,0,0,0,0,0,0,6,6,6,6,6,6,6,6,
	6,6,6,6,6,6,6,6,6,6,51,51,51,0,0,0,
	0,0,0,0,0,0,0,0,6,6,6,6,6,6,6,6,
	6,6,6,6,6,6,6,6,6,6,51,51,0,0,0,0,
	0,0,0,0,0,0,0,0,6,6,6,6,6,6,6,6,
	6,6,6,6,6,0,6,6,6,0,51,51,0,0,0,0,
	0,0,0,0,0,0,0,0,0,0,0,0,0,0,0,0,
	0,0,0,0,0,0,0,0,0,0,0,0,51,51,163,51,
	51,51,51,51,51,51,163,163,163,163,163,163,51,163,163,51,
	51,51,51,51,51,51,51,51,51,51,0,0,0,0,0,0,
	0,0,0,51,0,0,10,10,10,10,10,10,10,10,10,10,
	0,0,0,0,0,0,0,0,0,0,0,0,0,0,0,0,
	0,0,0,0,0,0,51,51,51,36,51,10,10,10,10,10,
	10,10,10,10,10,0,0,0,0,0,0,6,6,6,6,6,
	6,6,6,6,6,6,6,6,6,6,6,6,6,6,6,6,
	6,6,6,6,6,6,6,6,6,6,6,0,0,0,0,0,
	0,0,6,6,6,6,6,51,51,6,6,6,6,6,6,6,
	6,6,6,6,6,6,6,6,6,6,6,6,6,6,6,6,
	6,6,51,6,0,0,0,0,0,6,6,6,6,6,6,6,
	6,6,6,6,6,6,6,6,6,6,6,6,6,6,6,6,
	6,6,6,6,6,6,6,6,6,0,0,0,0,0,0,0,
	0,0,0,6,6,6,6,6,6,6,6,6,6,6,6,6,
	6,6,6,6,6,6,6,6,6,6,6,6,6,6,6,6,
	6,6,0,51,51,51,163,163,163,163,51,51,163,163,163,0,
	0,0,0,163,163,51,163,163,163,163,163,163,51,51,51,0,
	0,0,0,0,0,10,10,10,10,10,10,10,10,10,10,0,
	0,0,0,0,0,0,0,0,0,0,0,0,0,0,0,0,
	0,0,0,0,0,0,0,0,0,0,0,0,0,0,0,10,
	10,10,10,10,10,10,10,10,10,10,0,0,0,0,0,0,
	0,0,0,0,0,0,0,0,0,0,0,0,0,0,0,0,
	0,0,0,0,0,0,0,0,0,0,6,6,6,6,6,6,
	6,6,6,6,6,6,6,6,6,6,6,6,6,6,6,6,
	6,51,51,163,163,51,0,0,0,0,0,0,0,0,0,0,
	0,0,0,0,0,0,0,0,0,0,0,0,0,0,0,0,
	0,0,0,0,0,0,163,51,163,51,51,51,51,51,51,51,
	0,51,3,51,3,3,51,51,51,51,51,51,51,51,163,163,
	163,163,163,163,51,51,51,51,51,51,51,51,51,51,0,0,
	51,10,10,10,10,10,10,10,10,10,10,0,0,0,0,0,
	0,10,10,10,10,10,10,10,10,10,10,0,0,0,0,0,
	0,0,0,0,0,0,0,0,0,0,0,51,51,51,51,51,
	51,51,51,51,51,51,51,51,51,51,51,51,51,51,51,51,
	51,51,51,51,51,51,51,51,51,0,0,0,0,0,0,0,
	0,0,0,0,0,0,0,0,0,0,0,0,0,51,51,51,
	51,163,6,6,6,6,6,6,6,6,6,6,6,6,6,6,
	6,6,6,6,6,6,6,6,6,6,6,6,6,51,51,51,
	51,51,51,51,51,51,51,163,163,51,51,51,6,6,6,6,
	6,6,6,6,0,0,0,10,10,10,10,10,10,10,10,10,
	10,0,0,0,0,0,0,0,0,0,0,0,51,51,51,51,
	51,51,51,51,51,0,0,0,0,0,0,0,0,0,0,0,
	0,51,51,163,6,6,6,6,6,6,6,6,6,6,6,6,
	6,6,6,6,6,6,6,6,6,6,6,6,6,6,6,6,
	6,163,51,51,51,51,163,163,51,51,51,51,51,51,6,6,
	10,10,10,10,10,10,10,10,10,10,6,6,6,6,6,6,
	6,6,6,6,6,6,6,6,6,6,6,6,6,6,6,6,
	6,6,6,6,6,6,6,6,6,6,51,163,51,51,163,163,
	163,51,163,51,51,51,51,51,0,0,0,0,0,0,0,0,
	0,0,0,0,6,6,6,6,6,6,6,6,6,6,6,6,
	6,6,6,6,6,6,6,6,6,6,6,6,6,6,6,6,
	6,6,6,6,163,163,163,163,163,163,163,163,51,51,51,51,
	51,51,51,51,163,163,51,51,0,0,0,0,0,0,0,0,
	10,10,10,10,10,10,10,10,10,10,0,0,0,6,6,6,
	10,10,10,10,10,10,10,10,10,10,6,6,6,6,6,6,
	6,6,6,6,6,6,6,6,6,6,6,6,6,6,6,6,
	6,6,6,6,6,6,6,6,0,0,0,0,0,6,6,6,
	6,6,6,6,6,6,6,6,6,6,6,6,6,6,6,6,
	6,6,6,6,6,6,6,6,0,0,6,6,6,0,0,0,
	0,0,0,0,0,0,0,0,0,0,0,0,0,51,51,51,
	0,51,51,51,51,51,51,51,51,51,51,51,51,163,51,51,
	51,51,51,51,51,6,6,6,6,51,6,6,6,6,6,6,
	51,6,6,163,51,51,6,0,0,0,0,0,6,6,6,6,
	6,6,6,6,6,6,6,6,6,6,6,6,6,6,6,6,
	6,6,6,6,6,6,6,6,6,6,6,6,51,51,51,51,
	51,51,51,51,51,51,51,51,51,51,51,51,51,51,51,51,
	51,51,51,51,51,51,51,51,51,51,51,51,6,6,6,6,
	6,6,6,6,6,6,6,6,6,6,6,6,6,6,6,6,
	6,6,6,6,6,6,6,6,6,6,6,6,0,0,6,6,
	6,6,6,6,0,0,6,6,6,6,6,6,6,6,6,6,
	6,6,6,6,6,6,6,6,6,6,6,6,6,6,6,6,
	6,6,6,6,6,6,0,0,6,6,6,6,6,6,0,0,
	6,6,6,6,6,6,6,6,0,6,0,6,0,6,0,6,
	6,6,6,6,6,6,6,6,6,6,6,6,6,6,6,6,
	6,6,6,6,6,6,6,6,6,6,6,6,6,0,0,6,
	6,6,6,6,6,6,6,6,6,6,6,6,6,6,6,6,
	6,6,6,6,6,6,6,6,6,6,6,6,6,6,6,0,
	6,6,6,6,6,6,6,0,6,0,0,6,6,6,0,6,
	6,6,6,6,6,6,0,0,0,6,6,6,6,0,0,6,
	6,6,6,6,6,0,0,0,0,6,6,6,6,6,6,6,
	6,6,6,6,6,6,0,0,0,0,0,6,6,6,0,6,
	6,6,6,6,6,6,0,0,0,12,12,12,12,12,12,12,
	0,12,12,12,32,51,0,36,36,0,0,0,0,0,0,0,
	0,8,8,0,0,0,0,0,0,8,0,0,7,34,34,36,
	36,36,36,36,11,0,0,0,0,0,0,0,0,0,0,0,
	0,176,0,0,11,0,0,0,8,0,0,0,0,176,0,0,
	0,0,0,0,0,0,0,0,11,0,0,0,0,0,0,0,
	0,0,0,12,36,36,36,36,36,32,36,36,36,36,36,36,
	36,36,36,36,0,6,0,0,0,0,0,0,0,0,0,0,
	0,0,0,6,0,0,0,0,0,0,0,0,0,0,0,0,
	0,0,0,0,6,6,6,6,6,6,6,6,6,6,6,6,
	6,0,0,0,0,0,0,0,0,0,0,0,0,0,0,0,
	0,0,0,0,0,0,0,0,0,0,0,0,0,0,0,0,
	0,51,51,51,51,51,51,51,51,51,51,51,51,51,51,51,
	51,51,0,0,0,0,0,0,0,0,0,0,0,0,0,0,
	0,6,0,0,0,0,6,0,0,6,6,6,6,6,6,6,
	6,6,6,0,6,0,0,0,6,6,6,6,6,0,0,176,
	0,6,0,6,0,6,0,6,6,6,6,0,6,6,6,6,
	6,6,6,6,6,6,182,0,0,6,6,6,6,0,0,0,
	0,0,6,6,6,6,6,0,0,0,0,6,0,0,0,0,
	0,0,0,0,0,0,0,0,0,0,0,0,0,6,6,6,
	6,6,6,6,6,6,6,6,6,6,6,6,6,6,6,6,
	6,6,6,6,6,6,6,6,6,6,6,6,6,0,0,0,
	0,0,0,0,0,0,0,0,176,176,176,176,176,176,0,0,
	0,0,0,0,0,0,0,176,176,0,0,0,0,0,0,0,
	0,0,0,0,0,0,0,0,0,0,0,0,0,0,0,0,
	0,0,0,0,0,0,0,0,0,176,176,0,0,0,0,0,
	0,0,0,176,0,0,0,0,0,0,0,0,0,0,0,0,
	0,0,0,0,0,0,0,0,0,0,0,0,0,0,0,0,
	0,0,0,0,176,0,0,0,0,0,0,0,0,0,0,0,
	0,0,0,0,0,176,176,176,176,176,176,176,176,176,176,176,
	0,0,0,0,176,176,176,0,0,0,0,0,0,0,0,0,
	0,0,0,0,0,0,0,0,0,0,0,0,0,0,0,0,
	0,0,0,0,0,0,0,6,6,6,6,6,6,6,6,6,
	6,182,6,6,6,6,6,6,6,6,6,6,6,6,6,6,
	6,6,6,6,6,6,6,6,6,6,6,6,6,6,6,0,
	0,0,0,0,0,0,0,0,0,0,0,0,0,0,0,0,
	0,0,0,0,0,0,0,0,0,0,0,0,0,0,0,176,
	176,0,0,0,0,0,0,0,0,0,0,176,0,0,0,0,
	0,0,0,0,0,0,0,0,0,0,0,0,0,0,0,0,
	0,0,0,0,0,0,0,0,0,0,0,176,176,176,176,0,
	176,176,176,176,176,0,0,0,0,0,0,0,0,0,176,0,
	0,176,0,0,176,176,0,0,176,0,0,0,0,176,0,0,
	176,0,176,176,0,0,176,0,0,0,176,0,0,0,176,176,
	0,0,0,0,0,0,0,0,176,176,176,0,0,0,0,0,
	176,0,176,0,0,0,0,0,176,176,176,176,176,176,176,176,
	176,176,176,176,0,0,0,0,0,0,0,0,0,0,0,176,
	0,0,176,0,176,176,0,176,0,0,0,0,0,0,0,0,
	0,0,0,0,0,0,0,0,0,0,176,0,0,176,176,0,
	0,0,0,0,0,0,0,0,0,0,0,0,0,0,0,0,
	0,176,176,176,176,176,176,0,176,0,176,176,0,0,0,0,
	0,176,0,0,176,176,0,0,0,0,176,176,0,0,0,0,
	0,0,0,0,0,0,0,176,176,0,0,176,0,0,0,0,
	0,176,176,0,176,0,176,176,0,0,0,0,0,0,0,0,
	0,0,0,176,176,0,0,0,0,0,176,176,176,176,176,176,
	0,176,176,176,176,0,0,176,0,0,176,0,0,176,176,176,
	176,176,176,0,176,0,0,176,0,176,0,176,0,0,0,0,
	0,0,176,0,0,0,0,0,0,0,0,0,0,176,176,0,
	0,0,0,0,0,0,0,0,0,0,176,0,0,176,0,0,
	0,0,176,0,176,0,0,0,0,176,176,176,0,176,0,0,
	0,0,0,0,0,0,176,176,0,0,0,0,0,0,0,0,
	0,0,0,0,0,0,0,0,0,0,0,0,0,0,0,0,
	0,0,0,176,176,176,0,0,0,0,0,0,0,0,176,0,
	0,0,0,0,0,0,0,0,0,0,0,0,0,176,0,0,
	0,0,0,0,0,0,0,0,0,0,0,0,176,0,0,0,
	0,0,0,0,0,0,0,0,0,0,0,0,0,0,0,0,
	0,0,0,0,0,0,0,0,0,0,0,0,0,176,176,0,
	0,0,0,0,0,0,0,0,0,0,0,0,0,0,0,0,
	0,0,0,0,0,0,0,0,0,0,0,0,0,0,0,176,
	176,176,0,0,0,0,0,0,0,0,0,0,0,0,0,0,
	0,0,0,0,0,176,176,0,0,0,0,0,0,0,0,0,
	0,0,0,0,0,0,0,0,0,0,0,0,0,0,0,0,
	0,0,0,0,0,0,0,176,0,0,0,0,176,0,0,0,
	0,0,0,0,0,0,0,0,0,0,0,0,0,0,0,0,
	0,0,0,0,0,0,0,0,0,0,0,0,0,6,6,6,
	6,6,6,6,6,6,6,6,6,6,6,6,6,6,6,6,
	6,6,6,6,6,6,6,6,6,6,6,6,6,0,0,0,
	0,0,0,6,6,6,6,51,51,51,6,6,0,0,0,0,
	0,0,0,0,0,0,0,0,6,6,6,6,6,6,6,6,
	6,6,6,6,6,6,6,6,6,6,6,6,6,6,6,6,
	6,6,6,6,6,6,6,6,0,6,0,0,0,0,0,6,
	0,0,6,6,6,6,6,6,6,6,6,6,6,6,6,6,
	6,6,6,6,6,6,6,6,6,6,6,6,6,6,6,6,
	6,6,0,0,0,0,0,0,0,6,0,0,0,0,0,0,
	0,0,0,0,0,0,0,0,0,51,6,6,6,6,6,6,
	6,6,6,6,6,6,6,6,6,6,6,6,6,6,6,6,
	6,0,0,0,0,0,0,0,0,0,6,6,6,6,6,6,
	6,0,6,6,6,6,6,6,6,0,6,6,6,6,6,6,
	6,0,6,6,6,6,6,6,6,0,51,51,51,51,51,51,
	51,51,51,51,51,51,51,51,51,51,51,51,51,51,51,51,
	51,51,51,51,51,51,51,51,51,51,0,0,0,0,0,0,
	0,0,0,0,0,0,0,0,0,0,0,0,0,0,0,0,
	0,0,0,0,0,0,0,0,0,0,6,0,0,0,0,0,
	0,0,0,0,0,0,0,0,0,0,0,0,0,0,0,0,
	0,0,0,0,0,0,0,0,0,0,0,12,0,0,0,0,
	6,0,0,0,0,0,0,0,0,0,0,0,0,0,0,0,
	0,0,0,0,0,0,0,0,0,0,0,51,51,51,51,51,
	51,176,5,5,5,5,5,0,0,0,0,0,6,6,176,0,
	0,0,0,0,0,0,0,0,0,0,0,0,0,0,0,0,
	0,0,0,0,0,0,0,0,0,0,0,0,0,0,0,51,
	51,5,5,0,0,0,5,5,5,5,5,5,5,5,5,5,
	5,5,5,5,5,5,5,5,5,5,5,5,5,5,5,5,
	5,5,5,5,5,5,0,5,5,5,5,0,0,0,0,0,
	6,6,6,6,6,6,6,6,6,6,6,6,6,6,6,6,
	6,6,6,6,6,6,6,6,6,6,6,0,6,6,6,6,
	6,6,6,6,6,6,6,6,6,6,6,6,6,6,6,6,
	6,6,6,6,6,6,6,6,6,6,6,6,0,0,0,0,
	0,0,0,0,0,0,0,0,0,0,0,0,0,6,6,6,
	6,6,6,6,6,6,6,6,6,6,6,6,6,6,6,6,
	6,6,6,6,6,6,6,6,6,6,6,6,6,0,0,0,
	0,0,0,0,0,0,0,0,0,0,0,0,0,0,0,0,
	0,0,0,0,0,0,0,0,0,0,0,0,0,5,5,5,
	5,5,5,5,5,5,5,5,5,5,5,5,5,0,0,0,
	0,0,0,0,0,0,0,0,0,0,0,0,0,0,0,0,
	0,0,0,0,0,0,0,0,0,0,0,0,0,176,0,176,
	0,0,0,0,0,0,0,0,0,0,0,0,0,0,0,0,
	0,0,0,0,0,0,0,0,0,0,0,0,0,0,0,0,
	5,5,5,5,5,5,5,5,5,5,5,5,5,5,5,5,
	5,5,5,5,5,5,5,5,5,5,5,5,5,5,5,0,
	5,5,5,5,5,5,5,5,5,5,5,5,5,5,5,5,
	5,5,5,5,5,5,5,5,5,5,5,5,5,5,5,5,
	0,0,0,0,0,0,0,0,0,0,0,0,0,0,0,0,
	0,0,0,0,0,0,0,0,0,0,0,0,0,0,0,0,
	6,6,6,6,6,6,6,6,6,6,6,6,6,6,6,6,
	6,6,6,6,6,6,6,6,6,6,6,6,6,6,6,6,
	0,0,0,0,0,0,0,0,0,0,0,0,0,0,0,0,
	0,0,0,0,0,0,0,0,0,0,0,0,0,0,0,0,
	6,6,6,6,6,6,6,6,6,6,6,6,6,6,6,6,
	6,6,6,6,6,6,6,6,6,6,6,6,6,6,0,0,
	6,6,6,6,6,6,6,6,6,6,6,6,6,6,6,6,
	6,6,6,6,6,6,6,6,6,6,6,6,6,6,6,6,
	0,0,0,6,6,6,6,6,6,6,6,6,6,6,6,6,
	6,6,6,10,10,10,10,10,10,10,10,10,10,6,6,0,
	0,0,0,0,0,0,0,0,0,0,0,0,0,0,0,0,
	0,0,0,6,6,6,6,6,6,6,6,6,6,6,6,6,
	6,6,6,6,6,6,6,6,6,6,6,6,6,6,6,6,
	6,6,6,51,51,51,51,0,51,51,51,51,51,51,51,51,
	51,51,0,6,6,6,6,6,6,6,6,6,6,6,6,6,
	6,6,6,6,6,6,6,6,6,6,6,6,6,6,6,6,
	6,51,51,6,6,6,6,6,6,6,6,6,6,6,6,6,
	6,6,6,6,6,6,6,6,6,6,6,6,6,6,6,6,
	6,6,6,51,51,0,0,0,0,0,0,0,0,0,0,0,
	0,0,0,6,6,6,6,6,6,6,6,6,6,6,6,6,
	6,6,6,6,6,6,6,6,6,6,6,6,6,6,6,6,
	6,6,6,0,0,0,0,0,0,0,0,0,0,0,0,0,
	0,0,0,0,6,6,6,6,6,6,6,6,6,6,6,6,
	6,6,6,51,6,6,6,51,6,6,6,6,51,6,6,6,
	6,6,6,6,6,6,6,6,6,6,6,6,6,6,6,6,
	6,163,163,51,51,163,0,0,0,0,51,0,0,0,0,0,
	0,0,0,0,0,0,0,0,0,0,0,0,0,0,6,6,
	6,6,6,6,6,6,6,6,6,6,6,6,6,6,6,6,
	6,6,6,6,6,6,6,6,6,6,6,6,6,6,0,0,
	0,0,0,0,0,0,0,0,0,0,163,163,6,6,6,6,
	6,6,6,6,6,6,6,6,6,6,6,6,6,6,6,6,
	6,6,6,6,6,6,6,6,6,6,163,163,163,163,163,163,
	163,163,163,163,163,163,51,51,0,0,0,0,0,0,0,0,
	0,0,10,10,10,10,10,10,10,10,10,10,0,0,0,0,
	0,0,51,51,51,51,51,51,51,51,51,51,51,51,51,51,
	51,51,51,51,6,6,6,6,6,6,0,0,0,6,0,6,
	6,51,10,10,10,10,10,10,10,10,10,10,6,6,6,6,
	6,6,6,6,6,6,6,6,6,6,6,6,6,6,6,6,
	6,6,51,51,51,51,51,51,51,51,0,0,6,6,6,6,
	6,6,6,6,6,6,6,6,6,6,6,6,51,51,51,51,
	51,51,51,51,51,51,51,163,51,0,0,0,0,0,0,0,
	0,0,0,0,0,86,86,86,86,86,86,86,86,86,86,86,
	86,86,86,86,86,86,86,86,86,86,86,86,86,86,86,86,
	86,86,0,0,0,51,51,51,163,6,6,6,6,6,6,6,
	6,6,6,6,6,6,6,6,6,6,6,6,6,6,6,6,
	6,6,6,6,6,51,163,163,51,51,51,51,163,163,51,51,
	163,163,51,0,0,0,0,0,0,0,0,0,0,0,0,0,
	0,6,10,10,10,10,10,10,10,10,10,10,0,0,0,0,
	0,0,51,0,0,0,0,0,0,0,0,0,0,10,10,10,
	10,10,10,10,10,10,10,0,0,0,0,0,0,6,6,6,
	6,6,6,6,6,6,6,6,6,6,6,6,6,6,6,6,
	6,6,6,6,6,6,6,6,6,6,6,6,6,51,51,51,
	51,51,51,163,163,51,51,163,163,51,51,0,0,0,0,0,
	0,0,0,0,6,6,6,51,6,6,6,6,6,6,6,6,
	51,163,0,0,10,10,10,10,10,10,10,10,10,10,0,0,
	0,0,0,0,0,0,0,0,0,0,0,0,0,0,0,0,
	0,0,0,0,0,0,0,0,0,3,51,3,0,0,0,0,
	0,0,0,0,0,0,0,0,0,0,0,0,0,0,0,0,
	0,0,0,0,0,0,0,0,0,0,0,0,51,0,51,51,
	51,0,0,51,51,0,0,0,0,0,51,51,0,51,0,0,
	0,0,0,0,0,0,0,0,0,0,0,0,0,0,0,0,
	0,0,0,0,0,0,0,0,0,0,0,0,6,6,6,6,
	6,6,6,6,6,6,6,163,51,51,163,163,0,0,6,6,
	6,163,51,0,0,0,0,0,0,0,0,0,6,6,6,6,
	6,6,0,0,6,6,6,6,6,6,0,0,6,6,6,6,
	6,6,0,0,0,0,0,0,0,0,0,6,6,6,6,6,
	6,6,0,6,6,6,6,6,6,6,0,6,6,6,6,6,
	6,6,6,6,6,6,6,6,6,6,6,6,6,6,6,6,
	6,6,6,6,6,6,6,6,6,6,6,0,0,0,0,0,
	0,6,6,6,6,6,6,6,6,6,6,6,6,6,6,6,
	6,6,6,6,6,6,6,6,6,6,6,6,6,6,6,6,
	6,163,163,51,163,163,51,163,163,0,163,51,0,0,10,10,
	10,10,10,10,10,10,10,10,0,0,0,0,0,0,134,150,
	150,150,150,150,150,150,150,150,150,150,150,150,150,150,150,150,
	150,150,150,150,150,150,150,150,150,150,134,150,150,150,150,150,
	150,150,150,150,150,150,150,150,150,150,150,150,150,150,150,150,
	150,150,150,150,150,150,134,150,150,150,150,150,150,150,150,150,
	150,150,150,150,150,150,150,150,150,150,150,150,150,150,150,150,
	150,150,134,150,150,150,150,150,150,150,150,150,150,150,150,150,
	150,150,150,150,150,150,150,150,150,150,150,150,150,150,134,150,
	150,150,150,150,150,150,150,150,150,150,150,150,150,150,150,150,
	150,150,150,150,150,150,150,150,150,150,134,150,150,150,150,150,
	150,150,150,150,150,150,150,150,150,150,150,150,150,150,150,150,
	150,150,150,150,150,150,134,150,150,150,150,150,150,150,150,150,
	150,150,150,150,150,150,150,150,150,150,150,150,150,150,150,150,
	150,150,134,150,150,150,150,150,150,150,150,150,150,150,150,150,
	150,150,150,150,150,150,150,150,150,150,150,150,150,150,134,150,
	150,150,150,150,150,150,150,150,150,150,150,150,150,150,150,150,
	150,150,150,150,150,150,150,150,150,150,134,150,150,150,150,150,
	150,150,150,150,150,150,150,150,150,150,150,150,150,150,150,150,
	150,150,150,150,150,150,134,150,150,150,150,150,150,150,150,150,
	150,150,150,150,150,150,150,150,150,150,150,150,150,150,150,150,
	150,150,134,150,150,150,150,150,150,150,150,150,150,150,150,150,
	150,150,150,150,150,150,150,150,150,150,150,150,150,150,134,150,
	150,150,150,150,150,150,150,150,150,150,150,150,150,150,150,150,
	150,150,150,150,150,150,150,150,150,150,134,150,150,150,150,150,
	150,150,150,150,150,150,150,150,150,150,150,150,150,150,150,150,
	150,150,150,150,150,150,134,150,150,150,150,150,150,150,150,150,
	150,150,150,150,150,150,150,150,150,150,150,150,150,150,150,150,
	150,150,134,150,150,150,150,150,150,150,150,150,150,150,150,150,
	150,150,150,150,150,150,150,150,150,150,150,150,150,150,134,150,
	150,150,150,150,150,150,150,150,150,150,150,150,150,150,150,150,
	150,150,150,150,150,150,150,150,150,150,134,150,150,150,150,150,
	150,150,150,150,150,150,150,150,150,150,150,150,150,150,150,150,
	150,150,150,150,150,150,134,150,150,150,150,150,150,150,150,150,
	150,150,150,150,150,150,150,150,150,150,150,150,150,150,150,150,
	150,150,134,150,150,150,150,150,150,150,150,150,150,150,150,150,
	150,150,150,150,150,150,150,150,150,150,150,150,150,150,134,150,
	150,150,150,150,150,150,150,150,150,150,150,150,150,150,150,150,
	150,150,150,150,150,150,150,150,150,150,134,150,150,150,150,150,
	150,150,150,150,150,150,150,150,150,150,150,150,150,150,150,150,
	150,150,150,150,150,150,134,150,150,150,150,150,150,150,150,150,
	150,150,150,150,150,150,150,150,150,150,150,150,150,150,150,150,
	150,150,134,150,150,150,150,150,150,150,150,150,150,150,150,150,
	150,150,150,150,150,150,150,150,150,150,150,150,150,150,134,150,
	150,150,150,150,150,150,150,150,150,150,150,150,150,150,150,150,
	150,150,150,150,150,150,150,150,150,150,134,150,150,150,150,150,
	150,150,150,150,150,150,150,150,150,150,150,150,150,150,150,150,
	150,150,150,150,150,150,134,150,150,150,150,150,150,150,150,150,
	150,150,150,150,150,150,150,150,150,150,150,150,150,150,150,150,
	150,150,134,150,150,150,150,150,150,150,150,150,150,150,150,150,
	150,150,150,150,150,150,150,150,150,150,150,150,150,150,134,150,
	150,150,150,150,150,150,150,150,150,150,150,150,150,150,150,150,
	150,150,150,150,150,150,150,150,150,150,134,150,150,150,150,150,
	150,150,150,150,150,150,150,150,150,150,150,150,150,150,150,150,
	150,150,150,150,150,150,134,150,150,150,150,150,150,150,150,150,
	150,150,150,150,150,150,150,150,150,150,150,150,150,150,150,150,
	150,150,134,150,150,150,150,150,150,150,150,150,150,150,150,150,
	150,150,150,150,150,150,150,150,150,150,150,150,150,150,134,150,
	150,150,150,150,150,150,150,150,150,150,150,150,150,150,150,150,
	150,150,150,150,150,150,150,150,150,150,134,150,150,150,150,150,
	150,150,150,150,150,150,150,150,150,150,150,150,150,150,150,150,
	150,150,150,150,150,150,134,150,150,150,150,150,150,150,150,150,
	150,150,150,150,150,150,150,150,150,150,150,150,150,150,150,150,
	150,150,134,150,150,150,150,150,150,150,150,150,150,150,150,150,
	150,150,150,150,150,150,150,150,150,150,150,150,150,150,134,150,
	150,150,150,150,150,150,150,150,150,150,150,150,150,150,150,150,
	150,150,150,150,150,150,150,150,150,150,134,150,150,150,150,150,
	150,150,150,150,150,150,150,150,150,150,150,150,150,150,150,150,
	150,150,150,150,150,150,134,150,150,150,150,150,150,150,150,150,
	150,150,150,150,150,150,150,150,150,150,150,150,150,150,150,150,
	150,150,134,150,150,150,150,150,150,150,150,150,150,150,150,150,
	150,150,150,150,150,150,150,150,150,150,150,150,150,150,134,150,
	150,150,150,150,150,150,150,150,150,150,150,150,150,150,150,150,
	150,150,150,150,150,150,150,150,150,150,134,150,150,150,150,150,
	150,150,150,150,150,150,150,150,150,150,150,150,150,150,150,150,
	150,150,150,150,150,150,134,150,150,150,150,150,150,150,150,150,
	150,150,150,150,150,150,150,150,150,150,150,150,150,150,150,150,
	150,150,134,150,150,150,150,150,150,150,150,150,150,150,150,150,
	150,150,150,150,150,150,150,150,150,150,150,150,150,150,134,150,
	150,150,150,150,150,150,150,150,150,150,150,150,150,150,150,150,
	150,150,150,150,150,150,150,150,150,150,134,150,150,150,150,150,
	150,150,150,150,150,150,150,150,150,150,150,150,150,150,150,150,
	150,150,150,150,150,150,134,150,150,150,150,150,150,150,150,150,
	150,150,150,150,150,150,150,150,150,150,150,150,150,150,150,150,
	150,150,134,150,150,150,150,150,150,150,150,150,150,150,150,150,
	150,150,150,150,150,150,150,150,150,150,150,150,150,150,134,150,
	150,150,150,150,150,150,150,150,150,150,150,150,150,150,150,150,
	150,150,150,150,150,150,150,150,150,150,134,150,150,150,150,150,
	150,150,150,150,150,150,150,150,150,150,150,150,150,150,150,150,
	150,150,150,150,150,150,134,150,150,150,150,150,150,150,150,150,
	150,150,150,150,150,150,150,150,150,150,150,150,150,150,0,0,
	0,0,0,0,0,0,0,0,0,0,102,102,102,102,102,102,
	102,102,102,102,102,102,102,102,102,102,0,0,0,0,118,118,
	118,118,118,118,118,118,118,118,118,118,118,118,118,118,118,118,
	118,118,118,118,118,118,118,118,118,118,0,0,0,0,0,0,
	0,0,0,0,0,0,0,0,0,0,0,0,0,0,0,0,
	0,0,0,0,0,0,0,0,0,0,6,6,6,6,6,6,
	6,0,0,0,0,0,0,0,0,0,0,0,0,6,6,6,
	6,6,0,0,0,0,0,1,51,1,1,1,1,1,1,1,
	1,1,0,1,1,1,1,1,1,1,1,1,1,1,1,1,
	0,1,1,1,1,1,0,1,0,1,1,0,1,1,0,1,
	1,1,1,1,1,1,1,1,1,6,6,6,6,6,6,6,
	6,6,6,6,6,6,6,6,6,6,6,6,6,6,6,6,
	6,6,6,6,6,6,6,6,6,0,0,0,0,0,0,0,
	0,0,0,0,0,0,0,0,0,0,0,0,6,6,6,6,
	6,6,6,6,6,6,6,6,6,6,6,6,6,6,6,6,
	6,6,6,6,6,6,6,6,6,6,6,6,0,0,0,0,
	0,0,0,0,0,0,0,0,0,0,0,0,6,6,6,6,
	6,6,6,6,6,6,6,6,6,6,6,6,6,6,6,6,
	6,6,6,6,6,6,6,6,6,6,6,6,0,0,6,6,
	6,6,6,6,6,6,6,6,6,6,6,6,6,6,6,6,
	6,6,6,6,6,6,6,6,6,6,6,6,6,6,0,0,
	0,0,0,0,0,0,0,0,0,0,0,0,0,0,0,0,
	0,0,0,0,0,0,6,6,6,6,6,6,6,6,6,6,
	6,6,0,0,0,0,51,51,51,51,51,51,51,51,51,51,
	51,51,51,51,51,51,0,0,0,7,0,0,0,0,0,0,
	0,0,0,0,0,0,51,51,51,51,51,51,51,51,51,51,
	51,51,51,51,51,51,0,0,0,11,11,0,0,0,0,0,
	0,0,0,0,0,0,0,0,11,11,11,8,0,8,0,8,
	7,0,0,0,0,0,0,0,0,0,0,0,0,0,0,0,
	0,6,6,6,6,6,0,6,6,6,6,6,6,6,6,6,
	6,6,6,6,6,6,6,6,6,6,6,6,6,6,6,6,
	6,6,6,6,6,6,6,0,0,36,0,0,0,0,0,0,
	0,8,0,0,0,0,8,0,8,0,10,10,10,10,10,10,
	10,10,10,10,7,8,0,0,0,0,6,6,6,6,6,6,
	6,6,6,6,6,6,6,6,6,6,6,6,6,6,6,6,
	6,6,6,6,0,0,0,0,11,0,6,6,6,6,6,6,
	6,6,6,6,6,6,6,6,6,6,6,6,6,6,6,6,
	6,6,6,6,0,0,0,0,0,0,5,5,5,5,5,5,
	5,5,5,5,5,5,5,5,5,5,5,5,5,5,5,5,
	5,5,5,5,5,5,5,5,51,51,6,6,6,6,6,6,
	6,6,6,6,6,6,6,6,6,6,6,6,6,6,6,6,
	6,6,6,6,6,6,6,6,6,0,0,6,6,6,6,6,
	6,0,0,6,6,6,6,6,6,0,0,6,6,6,6,6,
	6,0,0,6,6,6,0,0,0,0,0,0,0,0,0,0,
	0,0,0,0,0,0,32,32,32,32,32,32,32,32,32,36,
	36,36,0,0,0,0,6,6,6,6,6,6,6,6,6,6,
	6,6,0,6,6,6,6,6,6,6,6,6,6,6,6,6,
	6,6,6,6,6,6,0,6,6,0,6,6,6,6,6,6,
	6,6,6,6,6,6,6,6,0,0,6,6,6,6,6,6,
	6,6,6,6,6,6,6,6,0,0,0,0,0,0,0,0,
	0,0,0,0,0,0,0,0,0,0,0,0,0,0,0,0,
	0,0,0,0,0,0,0,0,6,6,6,6,6,6,6,6,
	6,6,6,6,6,6,6,6,6,6,6,6,6,6,6,6,
	6,6,6,6,6,6,6,6,0,0,0,0,0,0,0,0,
	0,0,0,0,0,0,0,0,0,0,0,0,0,0,0,0,
	0,0,0,0,0,0,0,0,6,6,6,6,6,6,6,6,
	6,6,6,6,6,6,6,6,6,6,6,6,6,6,6,6,
	6,6,6,6,6,6,6,6,0,0,0,0,0,0,0,0,
	0,0,0,0,0,0,0,0,0,0,0,0,0,0,0,0,
	0,0,0,0,0,0,0,0,51,0,0,0,0,0,0,0,
	0,0,0,0,0,0,0,0,0,0,0,0,0,0,0,0,
	0,0,0,0,0,0,0,0,0,6,6,6,6,6,6,6,
	6,6,6,6,6,6,6,6,6,6,6,6,6,6,6,6,
	6,6,6,6,6,6,0,0,0,6,6,6,6,6,6,6,
	6,6,6,6,6,6,6,6,6,6,6,6,6,6,6,6,
	6,6,6,6,6,6,6,6,6,0,0,0,0,0,0,0,
	0,0,0,0,0,0,0,0,51,0,0,0,0,0,0,0,
	0,0,0,0,0,0,0,0,0,0,0,0,0,0,0,0,
	0,0,0,0,0,0,0,0,6,6,6,6,6,6,6,6,
	6,6,6,6,6,6,6,6,6,6,6,6,6,6,6,6,
	6,6,6,6,6,6,6,6,0,0,0,0,0,0,0,0,
	0,0,0,0,0,6,6,6,6,6,6,6,6,6,6,6,
	6,6,6,6,6,6,6,6,0,0,0,0,0,6,6,6,
	6,6,6,6,6,6,6,6,6,6,6,6,6,6,6,6,
	6,6,6,51,51,51,51,51,0,0,0,0,0,6,6,6,
	6,6,6,6,6,6,6,6,6,6,6,6,6,6,6,6,
	6,6,6,6,6,6,6,6,6,6,6,0,0,6,6,6,
	6,6,6,6,6,6,6,6,6,6,6,6,6,6,6,6,
	6,6,6,6,6,6,6,6,6,6,6,6,6,0,0,0,
	0,6,6,6,6,6,6,6,6,0,6,6,6,6,6,0,
	0,0,0,0,0,0,0,0,0,0,0,0,0,0,0,0,
	0,0,0,0,0,0,0,0,0,0,0,0,0,0,0,6,
	6,6,6,6,6,6,6,6,6,6,6,6,6,6,6,6,
	6,6,6,6,6,6,6,6,6,6,6,6,6,6,6,0,
	0,10,10,10,10,10,10,10,10,10,10,0,0,0,0,0,
	0,6,6,6,6,6,6,6,6,6,6,6,6,6,6,6,
	6,6,6,6,6,0,0,0,0,6,6,6,6,6,6,6,
	6,6,6,6,6,6,6,6,6,6,6,6,6,6,6,6,
	6,6,6,6,6,0,0,0,0,6,6,6,6,6,6,6,
	6,6,6,6,6,6,6,6,6,6,6,6,6,6,6,6,
	6,6,6,6,6,6,6,6,6,0,0,0,0,0,0,0,
	0,6,6,6,6,6,6,6,6,6,6,6,6,6,6,6,
	6,6,6,6,6,6,6,6,6,6,6,6,6,6,6,6,
	6,0,0,0,0,0,0,0,0,0,0,0,0,6,6,6,
	6,6,6,6,6,6,6,6,0,6,6,6,6,6,6,6,
	0,6,6,0,6,6,6,6,6,6,6,6,6,6,6,6,
	6,6,6,0,6,6,6,6,6,6,6,0,6,6,0,0,
	0,6,6,6,6,6,6,6,6,6,6,6,6,6,6,6,
	6,6,6,6,6,6,6,6,6,6,6,6,6,6,6,6,
	6,0,0,0,0,0,0,0,0,0,0,0,0,6,6,6,
	6,6,6,6,6,6,6,6,6,6,6,6,6,6,6,6,
	6,6,6,6,6,6,6,6,6,6,6,6,6,0,0,0,
	0,0,0,0,0,0,0,0,0,0,0,0,0,0,0,0,
	0,0,0,0,0,6,6,6,6,6,6,0,6,6,6,6,
	6,6,6,6,6,6,6,6,6,6,6,6,6,6,6,6,
	6,6,6,6,6,0,6,6,6,6,6,6,6,6,6,0,
	0,0,0,0,0,0,0,0,0,0,0,0,0,0,0,0,
	0,0,0,0,0,0,0,0,0,0,0,0,0,0,0,6,
	6,6,6,6,6,0,0,6,0,6,6,6,6,6,6,6,
	6,6,6,6,6,6,6,6,6,6,6,6,6,6,6,0,
	6,6,0,0,0,6,0,0,6,6,6,6,6,6,6,6,
	6,6,6,6,6,6,6,6,6,6,6,6,6,6,0,0,
	0,0,0,0,0,0,0,0,6,6,6,6,6,6,6,6,
	6,6,6,6,6,6,6,6,6,6,6,6,6,6,6,0,
	0,0,0,0,0,0,0,0,6,6,6,6,6,6,6,6,
	6,6,6,6,6,6,6,6,6,6,6,6,6,6,6,6,
	6,6,6,6,6,6,6,0,0,0,0,0,0,0,0,0,
	0,0,0,0,0,0,0,0,0,0,0,0,0,0,0,0,
	0,0,0,0,0,0,0,6,6,6,6,6,6,6,6,6,
	6,6,6,6,6,6,6,6,6,6,0,6,6,0,0,0,
	0,0,0,0,0,0,0,6,6,6,6,6,6,6,6,6,
	6,6,6,6,6,6,6,6,6,6,6,6,6,0,0,0,
	0,0,0,0,0,0,0,6,6,6,6,6,6,6,6,6,
	6,6,6,6,6,6,6,6,6,6,6,6,6,6,6,6,
	6,0,0,0,0,0,0,0,0,0,0,0,0,0,0,0,
	0,0,0,0,0,0,0,0,0,0,0,0,0,0,0,0,
	0,6,6,6,6,6,6,6,6,6,6,6,6,6,6,6,
	6,6,6,6,6,6,6,6,6,6,6,6,6,6,6,6,
	6,0,0,0,0,0,0,6,6,0,0,0,0,0,0,0,
	0,0,0,0,0,0,0,0,0,0,0,0,0,0,0,0,
	0,0,0,0,0,0,0,0,0,6,51,51,51,0,51,51,
	0,0,0,0,0,51,51,51,51,6,6,6,6,0,6,6,
	6,0,6,6,6,6,6,6,6,6,6,6,6,6,6,6,
	6,6,6,6,6,6,6,6,0,0,51,51,51,0,0,0,
	0,51,0,0,0,0,0,0,0,0,0,0,0,0,0,0,
	0,0,0,0,0,0,0,0,0,0,0,0,0,0,0,0,
	0,0,6,6,6,6,6,6,6,6,6,6,6,6,6,6,
	6,6,6,6,6,6,6,6,6,6,6,6,6,6,6,0,
	0,0,0,0,0,0,0,0,0,0,0,0,0,0,0,0,
	0,0,0,0,0,0,0,0,0,0,0,0,0,0,0,6,
	6,6,6,6,6,6,6,0,6,6,6,6,6,6,6,6,
	6,6,6,6,6,6,6,6,6,6,6,6,6,6,6,51,
	51,0,0,0,0,0,0,0,0,0,0,0,0,0,0,0,
	0,0,0,0,0,0,0,0,0,0,6,6,6,6,6,6,
	6,6,6,6,6,6,6,6,6,6,6,6,6,6,6,6,
	6,6,6,6,6,6,6,6,6,6,0,0,0,0,0,0,
	0,0,0,0,0,0,0,0,0,0,0,0,0,0,0,0,
	0,0,0,0,0,0,0,0,0,0,6,6,6,6,6,6,
	6,6,6,6,6,6,6,6,6,6,6,6,6,6,6,6,
	6,6,6,6,6,6,6,6,6,6,0,0,0,0,0,0,
	0,0,0,0,0,0,0,0,0,0,0,0,0,0,0,0,
	0,0,0,0,0,0,0,0,0,0,6,6,6,6,6,6,
	6,6,6,6,6,6,6,6,6,6,6,6,6,6,6,6,
	6,6,6,6,6,6,6,6,6,6,0,0,0,0,0,0,
	0,0,0,0,0,0,0,6,6,6,6,6,6,6,6,6,
	6,6,6,6,6,6,6,6,6,6,6,6,6,6,6,6,
	6,6,6,6,6,6,6,0,0,0,0,0,0,0,0,0,
	0,0,0,0,6,6,6,6,6,6,6,6,6,6,6,6,
	6,6,6,6,6,6,6,6,6,6,6,6,6,6,6,6,
	6,6,6,6,51,51,51,51,0,0,0,0,0,0,0,0,
	10,10,10,10,10,10,10,10,10,10,0,0,0,0,0,0,
	10,10,10,10,10,10,10,10,10,10,6,6,6,6,6,6,
	6,6,6,6,6,6,6,6,6,6,6,6,6,6,6,6,
	0,0,0,51,51,51,51,51,0,6,6,6,6,6,6,6,
	6,6,6,6,6,6,6,6,6,6,0,0,0,0,0,0,
	0,0,0,0,0,0,0,0,0,0,0,0,0,0,0,0,
	0,0,0,0,0,0,0,0,0,0,6,6,6,6,6,6,
	6,6,6,6,6,6,6,6,6,6,6,6,6,6,6,6,
	6,6,6,6,6,6,6,6,6,6,0,51,51,0,0,0,
	6,6,0,0,0,0,0,0,0,0,0,0,0,0,0,0,
	6,6,6,6,6,6,0,0,0,0,0,0,0,0,0,0,
	0,0,0,0,0,0,0,0,0,0,0,0,0,0,0,0,
	51,51,51,51,51,51,6,6,6,6,6,6,6,6,6,6,
	6,6,6,6,6,6,6,6,6,6,6,6,6,6,6,6,
	6,6,6,0,0,0,0,0,0,0,6,0,0,0,0,0,
	0,0,0,6,6,6,6,6,6,6,6,6,6,6,6,6,
	6,6,6,51,51,51,51,51,51,51,51,51,51,51,0,0,
	0,0,0,0,0,0,0,0,0,0,0,0,0,0,6,6,
	6,6,6,6,6,6,6,6,6,6,6,6,6,6,51,51,
	51,51,0,0,0,0,0,0,0,0,0,0,0,0,0,0,
	0,0,0,0,0,0,0,0,0,0,0,0,6,6,6,6,
	6,6,6,6,6,6,6,6,6,6,6,6,0,0,0,0,
	0,0,0,0,0,0,0,0,0,0,0,0,0,0,0,0,
	0,0,0,0,0,0,0,6,6,6,6,6,6,6,6,6,
	6,6,6,6,6,6,6,6,6,6,6,6,6,6,0,0,
	0,0,0,0,0,0,0,163,51,163,6,6,6,6,6,6,
	6,6,6,6,6,6,6,6,6,6,6,6,6,6,6,6,
	6,6,6,6,6,6,6,51,51,51,51,51,51,51,51,0,
	0,0,0,0,0,0,0,0,0,0,0,0,0,0,0,0,
	0,0,0,0,0,0,0,0,10,10,10,10,10,10,10,10,
	10,10,51,6,6,51,51,6,0,0,0,0,0,0,0,0,
	0,51,51,163,6,6,6,6,6,6,6,6,6,6,6,6,
	6,6,6,6,6,6,6,6,6,6,6,6,6,6,6,6,
	6,163,163,163,51,51,51,51,163,163,51,51,0,0,26,0,
	0,51,0,0,0,0,0,0,0,0,0,0,26,0,0,6,
	6,6,6,6,6,6,6,6,6,6,6,6,6,6,6,0,
	0,0,0,0,0,0,10,10,10,10,10,10,10,10,10,10,
	0,0,0,0,0,0,51,51,51,6,6,6,6,6,6,6,
	6,6,6,6,6,6,6,6,6,6,6,6,6,6,6,6,
	6,6,6,6,6,6,51,51,51,51,51,163,51,51,51,51,
	51,51,51,51,0,10,10,10,10,10,10,10,10,10,10,0,
	0,0,0,6,163,163,6,0,0,0,0,0,0,0,0,6,
	6,6,6,6,6,6,6,6,6,6,6,6,6,6,6,6,
	6,6,51,0,0,6,0,0,0,0,0,0,0,0,0,51,
	51,163,6,6,6,6,6,6,6,6,6,6,6,6,6,6,
	6,6,6,6,6,6,6,6,6,6,6,6,6,6,6,163,
	163,163,51,51,51,51,51,51,51,51,51,163,51,6,22,22,
	6,0,0,0,0,51,51,51,51,0,163,51,10,10,10,10,
	10,10,10,10,10,10,6,0,6,0,0,0,0,0,0,0,
	0,0,0,0,0,0,0,0,0,0,0,0,0,0,0,0,
	0,0,0,0,0,0,0,0,0,6,6,6,6,6,6,6,
	6,6,6,6,6,6,6,6,6,6,6,0,6,6,6,6,
	6,6,6,6,6,6,6,6,6,163,163,163,51,51,51,163,
	163,51,51,51,51,0,0,0,0,0,0,51,6,51,0,0,
	0,0,0,0,0,0,0,0,0,0,0,0,0,0,0,0,
	0,0,0,0,0,0,0,0,0,0,0,0,0,0,6,6,
	6,6,6,6,6,0,6,0,6,6,6,6,0,6,6,6,
	6,6,6,6,6,6,6,6,6,6,6,6,0,6,6,6,
	6,6,6,6,6,6,0,0,0,0,0,0,0,6,6,6,
	6,6,6,6,6,6,6,6,6,6,6,6,6,6,6,6,
	6,6,6,6,6,6,6,6,6,6,6,6,51,163,163,163,
	51,51,51,51,51,51,51,51,0,0,0,0,0,10,10,10,
	10,10,10,10,10,10,10,0,0,0,0,0,0,51,51,163,
	163,0,6,6,6,6,6,6,6,6,0,0,6,6,0,0,
	6,6,6,6,6,6,6,6,6,6,6,6,6,0,6,6,
	6,6,6,6,6,0,6,6,0,6,6,6,6,6,0,51,
	51,6,51,163,163,163,163,0,0,163,163,0,0,163,163,51,
	0,0,6,0,0,0,0,0,0,51,0,0,0,0,0,6,
	6,6,163,163,0,0,51,51,51,51,51,51,51,0,0,0,
	51,51,51,51,51,0,0,0,0,0,0,0,0,0,0,0,
	6,6,6,6,6,6,6,6,6,6,0,6,0,0,6,0,
	6,6,6,6,6,6,6,6,6,6,6,6,6,6,6,6,
	6,6,6,6,6,6,0,6,51,163,163,51,51,51,51,51,
	0,51,0,0,51,0,51,51,51,163,0,163,163,51,51,51,
	22,51,6,0,0,0,0,0,0,0,0,0,0,0,0,51,
	51,0,0,0,0,0,0,0,0,0,0,0,0,0,0,0,
	0,0,0,0,0,0,0,0,0,0,0,0,0,0,6,6,
	6,6,6,6,6,6,6,6,6,6,6,6,6,6,6,6,
	6,6,6,6,6,6,6,6,6,6,6,6,6,6,163,163,
	163,51,51,51,51,51,51,51,51,163,163,51,51,51,163,51,
	6,6,6,6,0,0,0,0,0,10,10,10,10,10,10,10,
	10,10,10,0,0,0,0,51,6,6,0,0,0,0,0,0,
	0,0,0,0,0,0,0,0,0,0,0,0,0,0,0,0,
	0,0,0,0,0,0,0,0,6,6,6,6,6,6,6,6,
	6,6,6,6,6,6,6,6,6,6,6,6,6,6,6,6,
	6,6,6,6,6,6,6,6,51,163,163,51,51,51,51,51,
	51,163,51,163,163,51,163,51,51,6,6,0,6,0,0,0,
	0,0,0,0,0,10,10,10,10,10,10,10,10,10,10,0,
	0,0,0,0,0,0,0,0,0,0,0,0,0,0,0,0,
	0,0,0,0,0,0,0,0,0,0,0,0,0,0,0,6,
	6,6,6,6,6,6,6,6,6,6,6,6,6,6,6,6,
	6,6,6,6,6,6,6,6,6,6,6,6,6,6,6,51,
	163,163,51,51,51,51,0,0,163,163,163,163,51,51,163,51,
	0,0,0,0,0,0,0,0,0,0,0,0,0,0,0,0,
	0,0,0,0,0,0,0,6,6,6,6,51,51,0,0,0,
	0,0,0,0,0,0,0,0,0,0,0,0,0,0,0,0,
	0,0,0,0,0,0,0,0,0,0,0,0,0,6,6,6,
	6,6,6,6,6,6,6,6,6,6,6,6,6,6,6,6,
	6,6,6,6,6,6,6,6,6,6,6,6,6,163,163,163,
	51,51,51,51,51,51,51,51,163,163,51,163,51,0,0,0,
	6,0,0,0,0,0,0,0,0,0,0,0,10,10,10,10,
	10,10,10,10,10,10,0,0,0,0,0,0,0,0,0,0,
	0,0,0,0,0,0,0,0,0,0,0,0,0,0,0,0,
	0,0,0,0,0,0,6,6,6,6,6,6,6,6,6,6,
	6,6,6,6,6,6,6,6,6,6,6,6,6,6,6,6,
	6,6,6,6,6,6,51,163,51,163,163,51,51,51,51,51,
	51,51,51,6,0,0,0,0,0,0,0,10,10,10,10,10,
	10,10,10,10,10,0,0,0,0,0,0,10,10,10,10,10,
	10,10,10,10,10,10,10,10,10,10,10,0,0,0,0,0,
	0,0,0,0,0,0,0,0,0,0,0,0,0,0,0,0,
	0,0,0,0,0,0,0,0,51,163,51,3,3,51,51,51,
	51,163,51,51,51,51,51,0,0,0,0,10,10,10,10,10,
	10,10,10,10,10,0,0,0,0,0,0,0,0,0,0,0,
	0,0,0,0,0,0,0,0,0,0,0,0,0,0,0,0,
	0,0,0,0,0,6,6,6,6,6,6,6,6,6,6,6,
	6,6,6,6,6,6,6,6,6,6,6,6,6,6,6,6,
	6,6,6,6,6,163,163,163,51,51,51,51,51,51,51,51,
	51,163,51,51,0,0,0,0,0,0,0,0,0,0,0,0,
	0,0,0,0,0,0,0,0,0,0,0,0,0,0,0,0,
	0,0,0,0,6,6,6,6,6,6,6,6,6,6,6,6,
	6,6,6,6,6,6,6,6,6,6,6,6,6,6,6,6,
	6,6,6,6,10,10,10,10,10,10,10,10,10,10,0,0,
	0,0,0,0,0,0,0,0,0,0,0,0,0,0,0,0,
	0,0,0,6,6,6,6,6,6,6,0,0,6,0,0,6,
	6,6,6,6,6,6,6,0,6,6,0,6,6,6,6,6,
	6,6,6,6,6,6,6,6,6,6,6,51,163,163,163,163,
	163,0,163,163,0,0,51,51,51,51,22,163,22,163,51,0,
	0,0,0,0,0,0,0,0,0,0,0,10,10,10,10,10,
	10,10,10,10,10,0,0,0,0,0,0,0,0,0,0,0,
	0,0,0,0,0,0,0,0,0,0,0,0,0,0,0,0,
	0,0,0,0,0,6,6,6,6,6,6,6,6,0,0,6,
	6,6,6,6,6,6,6,6,6,6,6,6,6,6,6,6,
	6,6,6,6,6,163,163,163,51,51,51,51,0,0,51,51,
	163,163,163,163,51,6,0,6,163,0,0,0,0,0,0,0,
	0,0,0,0,0,0,0,0,0,0,0,0,0,0,0,0,
	0,0,0,0,6,51,51,51,51,51,51,51,51,51,51,6,
	6,6,6,6,6,6,6,6,6,6,6,6,6,6,6,6,
	6,6,6,6,51,51,51,51,51,51,163,6,51,51,51,51,
	0,0,0,0,0,0,0,51,0,0,0,0,0,0,0,0,
	6,51,51,51,51,51,51,163,163,51,51,51,6,6,6,6,
	6,6,6,6,6,6,6,6,6,6,6,6,6,6,6,6,
	6,6,6,6,6,6,6,6,6,6,6,6,22,22,22,22,
	22,22,51,51,51,51,51,51,51,51,51,51,51,51,51,163,
	51,51,0,0,0,6,0,0,0,0,0,0,0,0,0,0,
	0,0,0,0,0,0,6,6,6,6,6,6,6,6,6,6,
	6,6,6,6,6,6,6,6,6,6,6,6,6,6,6,6,
	6,6,6,6,6,6,0,0,0,0,0,0,0,0,0,0,
	0,0,0,0,0,0,0,0,0,0,0,0,0,0,0,0,
	0,0,0,0,0,0,51,163,51,51,51,163,51,163,0,0,
	0,0,0,0,0,0,0,0,0,0,0,0,0,0,0,0,
	0,0,0,0,0,0,0,0,0,0,0,0,0,0,6,6,
	6,6,6,6,6,6,6,6,6,6,6,6,6,6,6,6,
	6,6,6,6,6,6,6,6,6,6,6,6,6,6,0,0,
	0,0,0,0,0,0,0,0,0,0,0,0,0,10,10,10,
	10,10,10,10,10,10,10,0,0,0,0,0,0,6,6,6,
	6,6,6,6,6,6,0,6,6,6,6,6,6,6,6,6,
	6,6,6,6,6,6,6,6,6,6,6,6,6,163,51,51,
	51,51,51,51,51,0,51,51,51,51,51,51,163,51,6,0,
	0,0,0,0,0,0,0,0,0,0,0,0,0,0,10,10,
	10,10,10,10,10,10,10,10,0,0,0,0,0,0,0,0,
	0,0,0,0,0,0,0,0,0,0,6,6,6,6,6,6,
	6,6,6,6,6,6,6,6,6,6,0,0,51,51,51,51,
	51,51,51,51,51,51,51,51,51,51,0,163,51,51,51,51,
	51,51,51,163,51,51,163,51,51,0,0,0,0,0,0,0,
	0,0,0,0,0,0,0,0,0,0,0,0,0,0,0,0,
	0,0,0,0,0,0,0,0,0,6,6,6,6,6,6,6,
	0,6,6,0,6,6,6,6,6,6,6,6,6,6,6,6,
	6,6,6,6,6,6,6,6,6,51,51,51,51,51,51,0,
	0,0,51,0,51,51,0,51,51,51,51,51,51,22,51,0,
	0,0,0,0,0,0,0,10,10,10,10,10,10,10,10,10,
	10,0,0,0,0,0,0,6,6,6,6,6,6,0,6,6,
	0,6,6,6,6,6,6,6,6,6,6,6,6,6,6,6,
	6,6,6,6,6,6,6,163,163,163,163,163,0,51,51,0,
	163,163,51,163,51,6,0,0,0,0,0,0,0,10,10,10,
	10,10,10,10,10,10,10,0,0,0,0,0,0,6,6,6,
	6,6,6,6,6,6,6,6,6,6,6,6,6,6,6,6,
	6,6,6,6,6,6,6,6,6,0,0,0,0,10,10,10,
	10,10,10,10,10,10,10,0,0,0,0,0,0,0,0,0,
	0,0,0,0,0,0,0,0,0,0,0,0,0,0,0,0,
	0,0,0,0,0,0,0,6,6,6,6,6,6,6,6,6,
	6,6,6,6,6,6,6,6,6,6,51,51,163,163,0,0,
	0,0,0,0,0,0,0,51,51,22,163,6,6,6,6,6,
	6,6,6,6,6,6,6,6,0,6,6,6,6,6,6,6,
	6,6,6,6,6,6,6,6,6,6,6,6,6,163,163,51,
	51,51,51,51,0,0,0,163,163,51,51,51,0,0,0,0,
	0,0,0,0,0,0,0,0,0,10,10,10,10,10,10,10,
	10,10,10,51,0,0,0,0,0,0,0,0,0,0,0,0,
	0,0,0,0,0,0,0,0,0,0,0,0,0,0,0,0,
	0,0,0,0,6,0,0,0,0,0,0,0,0,0,0,0,
	0,0,0,0,0,0,0,0,0,0,0,0,0,0,0,0,
	0,0,0,0,0,6,6,6,6,6,6,6,6,6,6,6,
	6,6,6,6,6,6,6,6,6,6,6,6,6,6,6,6,
	6,6,6,6,6,0,0,0,0,0,0,0,0,0,0,0,
	0,0,0,0,0,0,0,0,0,0,0,0,0,0,0,0,
	0,0,0,0,0,6,6,6,6,6,6,6,6,6,6,6,
	6,6,6,6,6,6,6,6,6,6,6,6,6,6,6,6,
	6,6,6,6,6,0,0,0,0,0,0,0,0,0,0,0,
	0,0,0,0,0,0,6,6,6,6,6,6,6,6,6,6,
	6,6,6,6,6,6,6,6,6,6,6,6,6,6,6,6,
	6,6,6,6,6,6,0,0,0,0,0,0,0,0,0,0,
	0,0,0,0,0,0,0,0,0,0,0,0,0,0,0,0,
	0,0,0,0,0,0,6,6,6,6,6,6,6,6,6,6,
	6,6,6,6,6,6,6,6,6,6,6,6,6,6,6,6,
	6,6,6,6,6,6,0,0,0,0,0,0,0,0,0,0,
	0,0,0,0,0,6,6,6,6,6,6,6,6,6,6,6,
	6,6,6,6,6,6,6,6,6,6,6,6,6,6,6,6,
	6,6,6,6,6,36,36,36,36,36,36,36,36,36,36,36,
	36,36,36,36,36,51,6,6,6,6,6,6,51,51,51,51,
	51,51,51,51,51,51,51,51,51,51,51,0,0,0,0,0,
	0,0,0,0,0,6,6,6,6,6,6,6,6,6,6,6,
	6,6,6,6,6,6,6,6,6,6,6,6,6,6,6,6,
	6,6,6,6,6,0,0,0,0,0,6,6,6,6,6,6,
	6,6,6,6,6,6,6,6,6,6,6,6,6,6,6,6,
	6,6,6,6,6,6,6,6,6,6,0,0,0,0,0,0,
	0,0,0,0,0,0,0,0,0,0,0,0,0,0,0,0,
	0,0,0,0,0,0,0,0,0,0,6,6,6,6,6,6,
	6,6,6,6,6,6,6,6,6,6,6,6,6,6,6,6,
	6,6,6,6,6,6,6,6,51,51,51,51,51,51,51,51,
	51,51,163,163,163,51,51,51,10,10,10,10,10,10,10,10,
	10,10,0,0,0,0,0,0,0,0,0,0,0,0,0,0,
	0,0,0,0,0,0,0,0,0,0,0,0,0,0,0,0,
	0,0,6,6,6,6,6,6,6,6,6,6,6,6,6,6,
	6,6,6,6,6,6,6,6,6,6,6,6,6,6,6,6,
	6,6,0,0,0,0,0,0,0,6,6,6,6,6,6,6,
	6,6,6,6,6,6,6,6,6,6,6,6,6,6,6,6,
	6,6,6,6,6,6,6,6,0,10,10,10,10,10,10,10,
	10,10,10,0,0,0,0,0,0,6,6,6,6,6,6,6,
	6,6,6,6,6,6,6,6,6,6,6,6,6,6,6,6,
	6,6,6,6,6,6,6,6,6,0,10,10,10,10,10,10,
	10,10,10,10,0,0,0,0,0,0,6,6,6,6,6,6,
	6,6,6,6,6,6,6,6,6,6,0,0,51,51,51,51,
	51,0,0,0,0,0,0,0,0,0,0,0,6,6,6,6,
	6,6,6,6,6,6,6,6,6,6,6,6,6,6,6,6,
	6,6,6,6,6,6,6,6,6,6,6,6,51,51,51,51,
	51,51,51,0,0,0,0,0,0,0,0,0,6,6,6,6,
	0,0,0,0,0,0,0,0,0,0,0,0,10,10,10,10,
	10,10,10,10,10,10,0,0,0,0,0,0,6,6,6,6,
	6,6,6,6,6,6,6,6,6,6,6,6,6,6,6,6,
	6,0,0,0,0,0,6,6,6,6,6,6,6,6,6,6,
	6,6,6,6,6,6,0,0,0,0,0,0,0,0,0,0,
	0,0,0,0,0,0,0,0,0,0,0,0,0,0,0,0,
	0,0,0,0,0,0,6,6,6,6,6,6,6,6,6,6,
	6,6,6,6,6,6,6,6,6,6,6,6,6,6,6,6,
	6,6,6,6,6,6,102,6,6,6,102,102,102,102,6,6,
	0,0,0,10,10,10,10,10,10,10,10,10,10,0,0,0,
	0,0,0,0,0,0,0,0,0,0,0,0,0,0,0,0,
	0,0,0,0,0,0,0,0,0,0,0,0,0,6,6,6,
	6,6,6,6,6,6,6,6,6,6,6,6,6,6,6,6,
	6,6,6,6,6,6,6,6,6,6,6,6,6,0,0,0,
	0,0,0,0,0,0,0,0,0,0,0,0,0,0,0,0,
	0,0,0,0,0,0,0,0,0,0,0,0,0,6,6,6,
	6,6,6,6,6,6,6,6,6,6,6,6,6,6,6,6,
	6,6,6,6,6,6,0,0,6,6,6,6,6,6,6,6,
	6,6,6,6,6,6,6,6,6,6,6,6,0,0,0,0,
	0,0,0,0,0,0,0,0,0,0,0,0,0,0,0,0,
	0,0,0,0,0,0,0,0,0,0,0,0,6,6,6,6,
	6,6,6,6,6,6,6,6,6,6,6,6,6,6,6,6,
	6,6,6,6,6,6,6,6,6,6,6,6,0,0,0,0,
	51,6,163,163,163,163,163,163,163,163,163,163,163,163,163,163,
	163,163,163,163,163,163,163,163,163,163,163,163,163,163,163,163,
	163,163,0,0,0,0,0,0,0,51,51,51,51,6,6,6,
	6,6,6,6,6,6,6,6,6,6,0,0,0,0,0,0,
	0,0,0,0,0,0,0,0,0,0,0,0,0,0,0,0,
	0,0,0,0,0,0,0,0,0,0,6,6,0,6,51,0,
	0,0,0,0,0,0,0,0,0,0,51,51,0,0,0,0,
	0,0,0,0,0,0,0,0,0,0,0,0,0,0,0,0,
	0,0,0,0,0,0,0,0,0,0,0,0,5,5,5,5,
	0,5,5,5,5,5,5,5,0,5,5,0,0,0,0,0,
	0,0,0,0,0,0,0,0,0,0,0,0,0,0,0,0,
	0,0,0,0,0,0,0,0,0,0,0,5,5,5,0,0,
	0,0,0,0,0,0,0,0,0,0,0,0,0,0,0,0,
	0,0,0,0,0,0,0,0,0,0,0,5,0,0,0,0,
	0,0,0,0,0,0,5,5,5,5,0,0,0,0,0,0,
	0,0,0,0,0,0,0,0,0,0,0,0,0,0,0,0,
	0,0,0,0,0,0,0,0,0,0,6,6,6,6,6,6,
	6,6,6,6,6,6,6,6,6,6,6,6,6,6,6,6,
	6,6,6,6,6,6,6,6,6,6,0,0,0,0,0,6,
	6,6,6,6,6,6,6,6,6,6,6,6,0,0,0,0,
	0,0,0,6,6,6,6,6,6,6,6,6,6,0,0,0,
	51,51,0,36,36,36,36,0,0,0,0,0,0,0,0,0,
	0,0,0,0,0,0,0,0,0,0,0,0,0,0,0,0,
	0,0,0,0,0,0,0,10,10,10,10,10,10,10,10,10,
	10,0,0,0,0,0,0,0,0,0,0,0,0,0,0,0,
	0,0,0,0,0,0,0,0,0,0,0,0,0,0,0,0,
	0,51,51,51,51,51,51,51,51,51,51,51,51,51,51,51,
	51,51,51,51,51,51,51,51,51,51,51,51,51,51,51,51,
	51,0,0,51,51,51,51,51,51,51,51,51,51,51,51,51,
	51,51,51,0,0,0,0,0,0,0,0,0,0,0,0,0,
	0,0,0,0,0,0,0,0,0,0,0,0,0,0,0,0,
	0,0,0,51,51,51,51,51,0,0,0,51,51,51,51,51,
	51,36,36,36,36,36,36,36,36,51,51,51,51,51,0,0,
	51,51,51,51,51,51,51,0,0,0,0,0,0,0,0,0,
	0,0,0,0,0,0,0,0,0,0,0,51,51,51,51,0,
	0,0,0,0,0,0,0,0,0,0,0,0,0,0,0,0,
	0,0,0,0,0,0,0,0,0,0,0,0,0,0,0,51,
	51,51,0,0,0,0,0,0,0,0,0,0,0,0,0,0,
	0,0,0,0,0,0,0,0,0,0,0,0,0,0,0,0,
	0,0,6,6,6,6,6,6,6,6,6,6,6,6,6,6,
	6,6,6,6,6,6,6,6,6,6,6,6,6,6,6,6,
	6,6,0,6,6,6,6,6,6,6,6,6,6,6,6,6,
	6,6,6,6,6,6,6,6,6,6,6,6,6,6,6,6,
	6,6,6,0,6,6,0,0,6,0,0,6,6,0,0,6,
	6,6,6,0,6,6,6,6,6,6,6,6,6,6,6,6,
	0,6,0,6,6,6,6,0,6,6,6,6,6,6,6,6,
	6,6,6,6,6,6,6,6,6,6,6,6,6,6,6,6,
	6,6,6,6,6,6,6,6,0,6,6,6,6,0,0,6,
	6,6,6,6,6,6,6,0,6,6,6,6,6,6,6,0,
	6,6,6,6,6,6,6,6,6,6,6,6,6,6,6,6,
	6,6,6,6,6,6,6,6,6,6,0,6,6,6,6,0,
	6,6,6,6,6,0,6,0,0,0,6,6,6,6,6,6,
	6,0,6,6,6,6,6,6,6,6,6,6,6,6,6,6,
	6,6,6,6,6,6,6,6,6,6,6,6,6,6,6,6,
	6,6,0,0,6,6,6,6,6,6,6,6,6,6,6,6,
	6,6,6,6,6,6,6,6,6,6,6,6,0,6,6,6,
	6,6,6,6,6,6,6,6,6,6,6,6,6,6,6,6,
	6,6,6,6,6,6,0,6,6,6,6,6,6,6,6,6,
	6,6,6,6,6,6,6,6,6,6,6,6,6,6,6,6,
	6,6,0,6,6,6,6,6,6,6,6,6,6,6,6,6,
	6,6,6,6,6,6,6,6,6,0,6,6,6,6,6,6,
	6,6,0,0,10,10,10,10,10,10,10,10,10,10,10,10,
	10,10,10,10,10,10,10,10,10,10,10,10,10,10,10,10,
	10,10,10,10,0,0,0,0,0,0,0,0,0,0,0,0,
	0,0,0,0,0,0,0,0,0,0,0,0,0,0,0,0,
	0,0,0,0,51,51,51,51,51,51,51,51,51,51,51,51,
	51,51,51,51,51,51,51,51,51,51,51,51,51,51,51,51,
	51,51,51,51,0,0,0,0,51,51,51,51,51,51,51,51,
	51,51,51,51,51,51,51,51,51,51,51,51,51,51,51,51,
	51,51,51,51,51,51,51,51,0,0,0,0,0,0,0,0,
	51,0,0,0,0,0,0,0,0,0,0,0,0,0,0,0,
	0,0,0,0,0,0,0,51,51,51,51,51,51,51,51,51,
	51,51,51,51,51,51,0,0,0,0,0,0,0,0,0,0,
	0,0,0,0,0,0,0,0,0,0,0,0,0,0,0,0,
	0,0,0,0,0,0,6,6,6,6,6,6,6,6,6,6,
	6,6,6,6,6,6,6,6,6,6,6,6,6,6,6,6,
	6,6,6,6,6,0,0,0,0,0,6,6,6,6,6,6,
	0,0,0,0,0,0,0,0,0,0,0,0,0,0,0,0,
	0,0,0,0,0,0,0,0,0,0,0,0,0,0,0,0,
	51,51,51,51,51,51,51,0,51,51,51,51,51,51,51,51,
	51,51,51,51,51,51,51,51,51,0,0,51,51,51,51,51,
	0,51,51,0,51,51,51,51,51,0,0,0,0,0,6,6,
	6,6,6,6,6,6,6,6,6,6,6,6,6,6,6,6,
	6,6,6,6,6,6,6,6,6,6,6,6,6,6,0,0,
	0,0,0,0,0,0,0,0,0,0,0,0,0,0,0,0,
	51,0,0,0,0,0,0,0,0,0,0,0,0,0,0,0,
	0,0,0,0,0,0,0,0,0,0,0,0,0,0,0,0,
	0,6,6,6,6,6,6,6,6,6,6,6,6,6,6,6,
	6,6,6,6,6,6,6,6,6,6,6,6,6,6,6,6,
	6,0,0,0,51,51,51,51,51,51,51,6,6,6,6,6,
	6,6,0,0,10,10,10,10,10,10,10,10,10,10,0,0,
	0,0,6,0,0,0,0,0,0,0,0,0,0,0,0,0,
	0,0,0,0,0,0,0,0,0,0,0,0,0,0,0,0,
	0,0,0,6,6,6,6,6,6,6,6,6,6,6,6,6,
	6,6,6,51,0,0,0,0,0,0,0,0,0,0,0,0,
	0,0,0,0,0,6,6,6,6,6,6,6,6,6,6,6,
	6,6,6,6,6,6,6,6,6,6,6,6,6,6,6,6,
	6,6,6,6,6,51,51,51,51,10,10,10,10,10,10,10,
	10,10,10,0,0,0,0,0,0,0,0,0,0,0,0,0,
	0,0,0,0,0,0,0,0,0,0,0,0,0,0,0,0,
	0,0,0,6,6,6,6,6,6,6,6,6,6,6,6,6,
	6,6,6,51,51,51,51,10,10,10,10,10,10,10,10,10,
	10,0,0,0,0,0,0,0,0,0,0,0,0,0,0,0,
	0,0,0,0,0,0,0,0,0,0,0,0,0,0,0,0,
	0,6,6,6,6,6,6,6,6,6,6,6,6,6,6,6,
	6,51,51,6,10,10,10,10,10,10,10,10,10,10,0,0,
	0,0,0,0,0,0,0,0,0,0,0,0,0,0,0,0,
	0,0,0,0,0,0,0,0,0,0,0,0,0,0,6,6,
	6,6,6,6,6,6,6,6,6,6,6,6,6,6,6,6,
	6,6,6,6,6,6,6,6,6,6,6,6,6,0,6,6,
	6,51,6,6,51,6,6,6,6,6,6,6,51,51,6,6,
	6,6,6,51,0,0,0,0,0,0,0,0,6,6,0,0,
	0,0,0,0,0,0,0,0,0,0,0,0,0,0,0,0,
	0,0,0,0,0,0,0,0,0,0,0,0,0,0,6,6,
	6,6,6,6,6,0,6,6,6,6,0,6,6,0,6,6,
	6,6,6,6,6,6,6,6,6,6,6,6,6,0,6,6,
	6,6,6,6,6,6,6,6,6,6,6,6,6,6,6,6,
	6,6,6,6,6,6,6,6,6,6,6,6,6,6,0,0,
	0,0,0,0,0,0,0,0,0,51,51,51,51,51,51,51,
	0,0,0,0,0,0,0,0,0,0,0,0,0,0,0,0,
	0,0,0,0,0,0,0,0,0,0,0,0,0,0,0,0,
	6,6,6,6,6,6,6,6,6,6,6,6,6,6,6,6,
	6,6,6,6,6,6,6,6,6,6,6,6,6,6,6,6,
	51,51,51,51,51,51,51,6,0,0,0,0,10,10,10,10,
	10,10,10,10,10,10,0,0,0,0,0,0,0,0,0,0,
	0,0,0,0,0,0,0,0,0,0,0,0,0,0,0,0,
	0,0,0,0,0,0,6,6,6,6,0,6,6,6,6,6,
	6,6,6,6,6,6,6,6,6,6,6,6,6,6,6,6,
	6,6,6,6,6,6,0,6,6,0,6,0,0,6,0,6,
	6,6,6,6,6,6,6,6,6,0,6,6,6,6,0,6,
	0,6,0,0,0,0,6,0,0,0,0,6,0,6,0,6,
	0,6,6,6,0,6,6,0,6,0,0,6,0,6,0,6,
	0,6,0,6,6,0,6,0,0,6,6,6,6,0,6,6,
	6,6,6,6,6,0,6,6,6,6,0,6,6,6,6,0,
	6,0,6,6,6,6,6,6,6,6,6,6,0,6,6,6,
	6,6,6,6,6,6,6,6,6,6,6,6,6,6,0,0,
	0,0,6,6,6,0,6,6,6,6,6,0,6,6,6,6,
	6,6,6,6,6,6,6,6,6,6,6,6,6,0,0,0,
	0,0,0,0,0,0,0,0,0,0,0,0,0,0,0,0,
	0,0,0,0,0,0,0,0,0,0,0,0,0,176,0,0,
	0,0,0,0,0,0,0,0,0,0,0,0,0,0,0,0,
	0,0,0,0,0,0,0,0,0,176,176,176,176,0,0,0,
	0,0,0,0,0,0,0,0,0,0,0,0,0,0,0,0,
	0,0,0,0,0,0,0,0,0,0,0,0,0,176,176,176,
	176,176,176,176,176,176,176,176,176,0,0,0,0,0,0,0,
	0,0,0,0,0,0,0,0,176,176,0,0,0,0,0,0,
	0,0,0,0,0,0,0,0,0,176,0,0,0,0,0,0,
	0,0,0,0,0,0,0,0,176,176,0,0,0,0,0,0,
	0,0,0,0,0,0,0,0,0,0,0,0,0,0,0,0,
	176,176,176,176,176,176,176,176,176,176,0,0,0,0,0,0,
	0,0,0,0,0,0,0,0,0,0,0,0,0,0,0,0,
	0,0,0,0,0,0,0,0,0,0,6,6,6,6,6,6,
	6,6,6,6,6,6,6,6,6,6,0,0,0,0,0,0,
	6,6,6,6,6,6,6,6,6,6,6,6,6,6,6,6,
	0,0,0,0,0,0,182,182,6,6,6,6,6,6,6,6,
	6,6,6,6,182,182,6,6,6,6,6,6,6,6,6,6,
	0,0,0,0,176,0,0,176,176,176,176,176,176,176,176,176,
	176,0,0,0,0,0,0,0,0,0,0,0,0,0,0,176,
	176,176,176,176,176,176,176,176,176,176,176,176,176,176,176,176,
	176,176,176,176,176,176,176,176,176,176,176,176,176,176,176,64,
	64,64,64,64,64,64,64,64,64,64,64,64,64,64,64,64,
	64,64,64,64,64,64,64,64,64,0,176,176,176,176,176,176,
	176,176,176,176,176,176,176,176,176,0,0,0,0,0,0,0,
	0,0,0,176,0,0,0,0,0,0,0,0,0,0,0,0,
	0,0,0,176,0,0,176,176,176,176,176,176,176,176,176,0,
	176,176,176,176,0,0,0,0,0,0,0,0,0,176,176,176,
	176,176,176,176,176,176,176,176,176,176,176,176,176,176,176,176,
	176,176,176,176,176,176,176,176,176,176,176,176,176,0,0,176,
	176,176,176,176,176,176,176,176,176,176,176,176,176,176,176,176,
	176,176,176,176,176,176,176,176,176,176,176,176,176,176,176,0,
	0,176,176,0,176,176,176,0,0,176,176,176,176,176,176,176,
	176,176,176,176,176,176,176,176,176,176,176,176,176,176,176,176,
	176,176,176,176,176,176,176,176,176,0,0,176,176,176,0,176,
	176,176,176,51,51,51,51,51,176,176,176,176,176,176,176,176,
	176,176,176,176,176,176,176,176,176,176,176,176,176,176,176,176,
	176,176,176,176,176,176,176,176,0,176,176,176,176,176,176,176,
	176,176,176,176,176,176,176,176,176,176,176,176,176,176,176,176,
	176,176,176,176,176,176,176,176,176,0,0,0,0,0,0,0,
	0,0,176,176,176,176,176,176,0,176,176,176,176,176,176,176,
	176,176,176,176,176,176,176,176,176,0,0,0,0,0,0,0,
	176,176,0,0,176,176,176,176,176,176,176,176,0,0,0,0,
	0,0,0,176,0,0,176,176,176,176,0,0,176,0,0,0,
	0,176,176,0,0,0,0,0,0,0,0,0,176,176,0,0,
	176,0,0,0,0,0,0,0,0,176,176,0,0,0,0,0,
	0,0,0,0,176,0,0,0,176,176,176,0,0,0,0,0,
	0,0,0,0,0,0,0,176,176,176,0,0,0,0,0,0,
	0,0,176,176,176,0,176,0,176,0,0,0,0,176,0,0,
	0,0,0,0,176,0,0,0,176,0,0,0,0,0,0,176,
	176,176,176,176,176,176,176,176,176,176,176,176,176,176,176,176,
	176,176,176,176,176,176,176,176,176,176,176,176,176,176,176,0,
	0,0,0,0,0,0,0,0,0,0,0,0,0,0,0,0,
	0,0,0,0,0,0,0,0,0,0,0,0,0,0,0,176,
	176,176,176,176,176,176,176,176,176,176,176,176,176,176,176,176,
	176,176,176,176,176,176,176,176,176,176,176,176,176,176,176,0,
	0,0,0,0,176,176,176,176,176,176,176,176,0,0,176,176,
	176,176,176,176,176,176,176,176,176,0,0,0,176,0,176,176,
	176,176,176,176,0,0,176,176,176,176,176,176,176,176,176,176,
	176,176,176,0,0,0,0,0,0,0,0,0,0,0,0,0,
	0,0,0,0,0,0,0,0,0,0,0,0,0,0,0,0,
	0,0,0,176,176,176,176,176,176,176,176,176,176,176,176,176,
	176,176,176,176,176,176,176,176,176,176,176,176,176,176,176,176,
	176,176,176,0,0,0,0,0,0,0,0,0,0,0,0,176,
	176,176,176,0,0,0,0,0,0,0,0,0,0,0,0,0,
	0,0,0,0,0,0,0,0,0,0,0,0,0,0,0,0,
	0,0,0,176,176,176,176,176,176,176,176,0,0,0,0,0,
	0,0,0,0,0,176,176,176,176,176,176,0,0,0,0,0,
	0,0,0,0,0,0,0,0,0,0,0,0,0,0,0,0,
	0,0,0,0,0,0,0,0,0,0,0,176,176,176,176,176,
	176,176,176,0,0,0,0,0,0,0,0,0,0,0,0,0,
	0,0,0,176,176,0,0,0,0,0,0,0,0,0,0,0,
	0,176,176,176,176,176,176,176,176,176,176,176,176,176,176,0,
	0,0,0,0,0,0,0,0,176,176,176,176,176,176,176,176,
	176,176,176,176,176,176,176,176,176,176,176,176,176,176,176,176,
	176,176,176,176,176,176,176,176,0,0,0,0,0,0,0,0,
	0,0,0,0,176,176,176,176,176,176,176,176,176,176,176,176,
	176,176,176,176,176,176,176,176,176,176,176,176,176,176,176,0,
	176,176,176,176,176,176,176,176,176,176,176,176,176,176,176,176,
	176,176,176,176,176,176,176,176,176,176,176,176,176,176,176,176,
	0,0,0,0,0,0,0,0,0,0,0,0,0,0,0,0,
	0,0,0,0,0,0,0,0,0,0,0,0,0,0,0,0,
	176,176,176,176,176,176,176,176,176,176,176,176,176,176,176,176,
	176,176,176,176,176,176,176,176,176,176,176,176,176,176,176,176,
	0,0,0,0,0,0,0,0,0,0,0,0,0,0,0,0,
	0,0,0,0,0,0,0,0,0,0,0,0,0,0,0,0,
	10,10,10,10,10,10,10,10,10,10,0,0,0,0,0,0,
	176,176,176,176,176,176,176,176,176,176,176,176,176,176,176,176,
	176,176,176,176,176,176,176,176,176,176,176,176,176,176,176,176,
	0,0,0,0,0,0,0,0,0,0,0,0,0,0,0,0,
	0,0,0,0,0,0,0,0,0,0,0,0,0,0,0,0,
	32,36,32,32,32,32,32,32,32,32,32,32,32,32,32,32,
	32,32,32,32,32,32,32,32,32,32,32,32,32,32,32,32,
	51,51,51,51,51,51,51,51,51,51,51,51,51,51,51,51,
	51,51,51,51,51,51,51,51,51,51,51,51,51,51,51,51,
	32,32,32,32,32,32,32,32,32,32,32,32,32,32,32,32,
	32,32,32,32,32,32,32,32,32,32,32,32,32,32,32,32,
	51,51,51,51,51,51,51,51,51,51,51,51,51,51,51,51,
	51,51,51,51,51,51,51,51,51,51,51,51,51,51,51,51,
	32,32,32,32,32,32,32,32,32,32,32,32,32,32,32,32,
	32,32,32,32,32,32,32,32,32,32,32,32,32,32,32,32,
	0,0,0,0,0,0,0,0,0,0,0,0,0,0,0,0,
	0,0,0,0,0,0,0,0,0,0,0,0,0,0,0,0,
	
};
static
ushort	_breakidx2[2501] =
{
	0,32,63,95,126,158,190,190,214,214,214,214,214,214,214,214,
	214,214,214,214,214,214,222,252,284,284,284,300,332,362,365,375,
	398,398,398,398,428,438,438,438,438,454,471,503,526,543,573,594,
	626,658,679,711,728,728,740,771,803,821,842,855,855,881,913,934,
	966,994,1026,1058,1082,1114,1136,1166,1195,1201,1232,1262,1293,1316,1347,1378,
	1409,1432,1463,1494,1525,1548,1579,1611,1643,1666,1698,1729,1759,1791,1821,1847,
	1879,1902,1933,1965,1997,2020,2051,2083,2115,2133,2164,2195,2227,2253,2285,2317,
	2337,2352,2379,2405,2405,2420,2449,2475,2507,2539,2571,2590,2622,2647,2676,2683,
	2704,2736,2767,2797,2829,2855,2871,2903,2903,2903,2935,2935,2959,2967,2967,2999,
	2999,3022,3054,3077,3093,3123,3147,3162,3186,3191,3223,3255,3287,3287,3297,3328,
	3329,3329,3329,3329,3329,3329,3329,3329,3329,3329,3329,3329,3329,3329,3329,3329,
	3329,3329,3348,3380,3412,3412,3433,3465,3496,3528,3560,3580,3592,3622,3654,3675,
	3707,3707,3714,3746,3769,3785,3795,3827,3859,3887,3903,3903,3903,3919,3946,3978,
	4006,4017,4049,4081,4107,4123,4141,4173,4185,4215,4241,4273,4304,4330,4356,4388,
	4416,4448,4474,4493,4509,4541,4572,4604,4604,4604,4604,4604,4604,4636,4636,4668,
	4668,4668,4668,4668,4668,4668,4668,4678,4710,4736,4767,4799,4810,4841,4873,4905,
	4933,4964,4996,5028,5057,5073,5089,5119,5149,5181,5213,5236,5262,5273,5273,5273,
	5273,5273,5273,5273,5273,5273,5273,5279,5307,5316,5316,5316,5316,5333,5356,5383,
	5383,5383,5383,5383,5393,5423,5445,5455,5455,5455,5455,5455,5477,5499,5504,5536,
	5568,5600,5631,5663,5690,5715,5738,5765,5786,5814,5843,5854,5885,5917,5917,5917,
	5917,5917,5917,5917,5917,5917,5929,5951,5951,5951,5951,5951,5951,5951,5951,5951,
	5951,5951,5951,5951,5951,5978,6007,6023,6045,6045,6045,6045,6045,6077,6077,6077,
	6077,6077,6077,6077,6104,6136,6162,6178,6202,6234,6266,6266,6298,6330,6347,6363,
	6363,6363,6363,6363,6363,6363,6363,6363,6363,6363,6363,6363,6363,6395,6417,6447,
	6447,6454,6486,6486,6491,6523,6539,6556,6556,6573,6605,6637,6653,6685,6685,6685,
	6685,6694,6720,6736,6752,6784,6784,6792,6816,6816,6816,6816,6816,6816,6816,6816,
	6816,6816,6816,6816,6816,6816,6816,6816,6816,6816,6816,6816,6816,6816,6816,6816,
	6816,6816,6816,6816,6816,6816,6816,6816,6816,6816,6816,6816,6816,6816,6816,6816,
	6816,6816,6816,6816,6816,6816,6816,6816,6816,6816,6816,6816,6816,6816,6816,6816,
	6816,6816,6816,6816,6816,6816,6816,6816,6848,6848,6848,6848,6848,6848,6848,6848,
	6848,6848,6848,6848,6848,6848,6848,6848,6848,6848,6848,6848,6848,6848,6848,6848,
	6848,6848,6848,6848,6848,6848,6848,6848,6848,6848,6848,6848,6867,6880,6896,6912,
	6944,6944,6944,6944,6944,6944,6944,6944,6963,6995,7027,7044,7075,7107,7107,7123,
	7147,7155,7155,7155,7155,7155,7158,7187,7217,7246,7278,7290,7322,7334,7362,7394,
	7426,7452,7477,7509,7541,7554,7586,7613,7645,7668,7700,7726,7756,7772,7804,7836,
	7867,7899,7915,7937,7953,7953,7953,7982,8014,8018,8022,8026,8030,8034,8038,8042,
	8046,8050,8054,8058,8062,8066,8070,8074,8078,8082,8086,8090,8094,8098,8102,8106,
	8110,8114,8118,8122,8126,8130,8134,8138,8142,8146,8150,8154,8158,8162,8166,8170,
	8174,8178,8182,8186,8190,8194,8198,8202,8206,8210,8214,8218,8222,8226,8230,8234,
	8238,8242,8246,8250,8254,8258,8262,8266,8270,8274,8278,8282,8286,8290,8294,8298,
	8302,8306,8310,8314,8318,8322,8326,8330,8334,8338,8342,8346,8350,8354,8358,8362,
	8366,8370,8374,8378,8382,8386,8390,8394,8398,8402,8406,8410,8414,8418,8422,8426,
	8430,8434,8438,8442,8446,8450,8454,8458,8462,8466,8470,8474,8478,8482,8486,8490,
	8494,8498,8502,8506,8510,8514,8518,8522,8526,8530,8534,8538,8542,8546,8550,8554,
	8558,8562,8566,8570,8574,8578,8582,8586,8590,8594,8598,8602,8606,8610,8614,8618,
	8622,8626,8630,8634,8638,8642,8646,8650,8654,8658,8662,8666,8670,8674,8678,8682,
	8686,8690,8694,8698,8702,8706,8710,8714,8718,8722,8726,8730,8734,8738,8742,8746,
	8750,8754,8758,8762,8766,8770,8774,8778,8782,8786,8790,8794,8798,8802,8806,8810,
	8814,8818,8822,8826,8830,8834,8838,8842,8846,8850,8854,8858,8862,8866,8870,8874,
	8878,8882,8886,8890,8894,8898,8902,8906,8910,8914,8918,8922,8926,8930,8934,8938,
	8942,8946,8950,8954,8958,8962,8966,8970,8974,8978,8982,8986,8990,8994,8998,9002,
	9006,9010,9014,9018,9022,9026,9030,9034,9038,9042,9046,9050,9054,9058,9062,9066,
	9070,9074,9078,9082,9086,9090,9094,9098,9102,9106,9110,9114,9118,9122,9126,9130,
	9134,9138,9142,9146,9150,9154,9158,9162,9166,9170,9174,9178,9182,9186,9190,9194,
	9198,9202,9206,9210,9214,9218,9222,9226,9230,9234,9238,9242,9246,9250,9254,9258,
	9262,9266,9270,9274,9278,9282,9286,9290,9294,9298,9302,9306,9310,9314,9318,9322,
	9326,9330,9334,9338,9342,9346,9350,9354,9358,9362,9366,9370,9374,9378,9382,9386,
	9390,9394,9398,9402,9406,9434,9459,9470,9498,9498,9498,9498,9498,9498,9498,9498,
	9498,9498,9498,9498,9498,9498,9498,9498,9498,9498,9498,9498,9498,9498,9498,9498,
	9498,9498,9498,9498,9498,9498,9498,9498,9498,9498,9498,9498,9498,9498,9498,9498,
	9498,9498,9498,9498,9498,9498,9498,9498,9498,9498,9498,9498,9498,9498,9498,9498,
	9498,9498,9498,9498,9498,9498,9498,9498,9530,9561,9593,9609,9609,9623,9641,9660,
	9660,9660,9660,9660,9660,9660,9660,9660,9660,9662,9692,9708,9724,9742,9766,9782,
	9814,9846,9867,9889,9911,9911,9911,9914,9946,9977,10009,10036,10042,10074,10105,10134,
	10166,10171,10202,10232,10264,10264,10264,10269,10296,10296,10328,10339,10360,10360,10360,10363,
	10393,10393,10393,10393,10425,10457,10472,10504,10536,10568,10589,10605,10637,10669,10697,10719,
	10751,10751,10751,10751,10753,10785,10801,10825,10857,10881,10897,10925,10941,10961,10993,11005,
	11037,11037,11037,11037,11037,11037,11037,11037,11037,11046,11047,11061,11093,11108,11135,11135,
	11167,11177,11208,11240,11272,11303,11303,11335,11367,11399,11399,11425,11457,11465,11497,11497,
	11529,11554,11586,11618,11618,11647,11679,11706,11738,11748,11748,11751,11752,11770,11770,11770,
	11802,11802,11825,11834,11866,11879,11911,11924,11956,11984,12016,12042,12068,12074,12074,12074,
	12074,12074,12074,12074,12106,12128,12158,12166,12198,12227,12253,12270,12300,12316,12343,12375,
	12407,12415,12440,12466,12497,12513,12543,12566,12598,12623,12655,12671,12703,12716,12748,12777,
	12809,12829,12860,12862,12894,12925,12941,12973,13005,13028,13058,13088,13120,13136,13167,13198,
	13230,13241,13273,13304,13336,13352,13381,13407,13407,13407,13407,13407,13439,13456,13487,13517,
	13549,13565,13596,13622,13654,13675,13707,13735,13739,13771,13797,13797,13797,13797,13797,13797,
	13829,13849,13876,13876,13876,13908,13908,13940,13971,13995,14027,14053,14053,14085,14100,14132,
	14164,14177,14208,14236,14264,14294,14310,14317,14342,14342,14342,14374,14382,14382,14414,14445,
	14477,14494,14526,14552,14570,14594,14617,14617,14649,14664,14695,14727,14749,14781,14797,14829,
	14839,14839,14839,14839,14839,14839,14839,14871,14903,14921,14953,14980,14980,14996,15013,15013,
	15045,15045,15045,15045,15045,15045,15045,15045,15045,15045,15045,15045,15045,15045,15045,15045,
	15045,15045,15045,15045,15045,15045,15045,15045,15045,15045,15045,15045,15051,15077,15077,15077,
	15109,15109,15109,15126,15158,15158,15158,15158,15158,15158,15186,15190,15190,15190,15190,15190,
	15190,15190,15190,15190,15190,15190,15190,15190,15190,15190,15190,15190,15190,15190,15190,15190,
	15190,15190,15190,15190,15190,15190,15190,15190,15190,15190,15190,15190,15190,15190,15190,15190,
	15190,15190,15190,15190,15190,15190,15190,15190,15190,15190,15190,15190,15190,15190,15190,15190,
	15190,15190,15190,15190,15190,15190,15190,15206,15222,15222,15237,15269,15269,15269,15269,15269,
	15269,15269,15269,15269,15269,15269,15269,15269,15269,15269,15269,15269,15269,15269,15269,15269,
	15269,15269,15269,15269,15269,15269,15269,15269,15269,15269,15269,15269,15285,15317,15349,15349,
	15349,15349,15349,15349,15349,15349,15349,15349,15349,15349,15349,15349,15349,15349,15349,15349,
	15349,15349,15349,15349,15349,15349,15349,15349,15349,15349,15349,15349,15349,15349,15349,15349,
	15349,15349,15349,15349,15349,15349,15349,15349,15349,15349,15349,15349,15349,15349,15349,15349,
	15349,15349,15349,15349,15349,15349,15349,15349,15349,15349,15349,15349,15349,15349,15354,15386,
	15386,15386,15386,15386,15386,15386,15386,15386,15386,15386,15386,15386,15386,15386,15386,15386,
	15386,15411,15418,15418,15418,15418,15418,15418,15418,15418,15418,15418,15418,15418,15418,15418,
	15418,15418,15418,15418,15418,15418,15418,15418,15418,15418,15418,15418,15418,15418,15418,15418,
	15418,15418,15418,15418,15418,15418,15418,15418,15418,15418,15418,15418,15418,15418,15418,15418,
	15418,15418,15418,15418,15418,15418,15418,15418,15418,15418,15418,15418,15418,15418,15418,15418,
	15418,15418,15450,15480,15506,15506,15506,15506,15506,15506,15506,15506,15506,15506,15506,15506,
	15506,15506,15506,15506,15506,15506,15506,15506,15506,15506,15506,15506,15506,15506,15506,15506,
	15506,15506,15506,15506,15506,15506,15506,15506,15506,15506,15506,15506,15506,15506,15506,15506,
	15506,15506,15506,15506,15506,15506,15506,15506,15506,15506,15538,15538,15538,15538,15538,15538,
	15538,15538,15538,15538,15538,15538,15538,15538,15538,15538,15538,15545,15577,15609,15625,15626,
	15658,15676,15708,15724,15756,15785,15814,15830,15830,15830,15830,15830,15830,15830,15830,15830,
	15830,15830,15830,15830,15862,15891,15917,15917,15917,15917,15917,15917,15949,15949,15981,16013,
	16040,16060,16092,16092,16113,16130,16154,16186,16186,16218,16236,16236,16236,16236,16236,16236,
	16236,16236,16236,16236,16236,16236,16236,16236,16236,16236,16236,16236,16236,16236,16236,16236,
	16236,16236,16236,16236,16236,16236,16236,16236,16236,16236,16236,16236,16236,16236,16236,16236,
	16236,16236,16236,16236,16236,16236,16236,16236,16236,16236,16236,16236,16236,16236,16236,16236,
	16236,16236,16236,16236,16236,16236,16236,16236,16236,16236,16252,16282,16283,16283,16283,16283,
	16283,16283,16283,16283,16315,16326,16354,16362,16362,16362,16362,16362,16362,16362,16362,16362,
	16362,16362,16362,16362,16362,16362,16362,16362,16362,16362,16362,16362,16362,16362,16362,16362,
	16362,16362,16362,16362,16362,16362,16362,16362,16362,16362,16362,16362,16362,16362,16362,16362,
	16362,16362,16362,16362,16362,16362,16362,16362,16362,16362,16362,16394,16394,16394,16415,16435,
	16467,16471,16471,16471,16471,16471,16471,16471,16471,16471,16471,16471,16471,16471,16471,16471,
	16471,16471,16471,16471,16471,16471,16471,16471,16471,16471,16471,16471,16471,16471,16471,16471,
	16471,16471,16471,16471,16471,16471,16471,16471,16471,16471,16471,16471,16471,16471,16471,16471,
	16471,16471,16471,16471,16471,16471,16471,16471,16471,16471,16471,16471,16471,16471,16471,16471,
	16471,16487,16513,16513,16513,16513,16513,16513,16513,16513,16513,16513,16513,16513,16513,16513,
	16513,16513,16545,16563,16588,16595,16595,16595,16595,16595,16595,16595,16595,16595,16595,16595,
	16622,16651,16673,16687,16687,16687,16687,16717,16722,16722,16722,16722,16722,16722,16722,16722,
	16722,16722,16722,16722,16722,16754,16754,16765,16787,16790,16822,16851,16856,16882,16912,16944,
	16962,16962,16962,16962,16962,16962,16962,16962,16962,16962,16988,17019,17047,17053,17053,17059,
	17059,17065,17065,17094,17108,17140,17140,17140,17140,17140,17140,17140,17140,17140,17140,17140,
	17140,17140,17140,17140,17140,17172,17181,17208,17227,17244,17270,17286,17286,17286,17286,17286,
	17286,17286,17286,17286,17286,17286,17286,17286,17286,17286,17286,17286,17286,17286,17286,17286,
	17286,17286,17286,17286,17286,17286,17286,17286,17286,17286,17286,17286,17286,17318,17349,17360,
	17360,17360,17360,17360,17360,17392,17422,17438,17456,17473,17489,17489,17489,17521,17540,17572,
	17587,17587,17587,17587,17587,17587,17587,17587,17587,17603,17621,17653,17673,17699,17699,17699,
	17699,17699,17699,17699,17699,17699,17699,17699,17699,17699,17699,17715,17735,17761,17761,17761,
	17761,17761,17761,17777,17795,17822,17822,17822,17822,17822,17822,17854,17886,17918,17918,17918,
	17918,17918,17918,17918,17950,17982,17982,17982,17982,17982,17982,18009,18032,18064,18064,18092,
	18118,18118,18118,18118,18118,18118,18118,18118,18118,18118,18118,18118,18118,18118,18118,18118,
	18118,18118,18118,18118,18118,18118,18118,18118,18118,18118,18118,18118,18118,18118,18118,18118,
	18118,18118,18118,18118,18118,18150,18182,18212,18242,18274,18305,18333,18333,18333,18333,18333,
	18333,18333,18333,18333,18333,18361,18381,18397,18397,18409,18441,18473,18490,18522,18538,18560,
	18582,18614,18641,18655,18681,18713,18740,18772,18775,18781,18781,18781,18781,18781,18811,18815,
	18815,18827,18857,18857,18872,18904,18904,18904,18904,18904,18904,18904,18906,18937,18939,18969,
	18993,19020,19048,19078,19109,19135,19135,19151,19167,19199,19199,19225,19251,19283,19283,19283,
	19283,19283,19283,19289,19315,19347,19363,19387,19419,19443,19461,19487,19512,19544,19556,19577,
	19584,19584,19584,19584,19584,19616,19616,19624,19634,19648,19648,19648,19648,19680,19680,19680,
	19680,19680,19680,19680,19696,19728,19728,19728,19728,19728,19728,19728,19728,19728,19728,19728,
	19728,19728,19728,19728,19728,19728,19728,19728,19728,19728,19728,19728,19728,19728,19728,19728,
	19728,19728,19728,19728,19730,19760,19760,19760,19760,19760,19760,19760,19760,19760,19760,19760,
	19760,19760,19760,19760,19760,19760,19760,19760,19760,19760,19760,19760,19760,19760,19760,19760,
	19760,19760,19760,19760,19760,19760,19760,19760,19760,19760,19760,19760,19760,19760,19760,19760,
	19760,19760,19760,19760,19760,19760,19760,19760,19760,19760,19760,19760,19760,19760,19760,19760,
	19760,19760,19760,19760,19760,19792,19824,19824,19824,19856,19856,19856,19856,19888,19888,19888,
	19888,19888,19888,19888,19904,19920,19920,19920,19920,19920,19920,19920,19920,19920,19920,19920,
	19920,19920,19920,19920,19920,19920,19920,19920,19920,19920,19920,19920,19920,19920,19920,19920,
	19920,19920,19920,19920,19920,19920,19920,19920,19920,19920,19920,19920,19920,19920,19920,19920,
	19920,19920,19920,19920,19920,19920,19920,19920,19920,19920,19920,19920,19920,19920,19920,19920,
	19920,19920,19920,19920,19920,19952,19952,19952,19952,19952,19952,19952,19952,19952,19952,19952,
	19952,19952,19952,19952,19952,19952,19952,19952,19952,19952,19952,19952,19952,19952,19952,19952,
	19952,19952,19952,19952,19952,19952,19952,19952,19952,19952,19952,19952,19952,19952,19952,19952,
	19952,19952,19952,19952,19952,19952,19952,19952,19952,19952,19952,19952,19952,19952,19952,19952,
	19952,19952,19952,19952,19952,
};
static
ushort	_breakidx1[1024] =
{
	0,64,127,191,255,317,381,408,408,408,408,408,408,408,408,408,
	408,408,408,408,472,536,600,664,728,792,856,920,920,920,920,960,
	1024,1088,1152,1216,1280,1323,1387,1422,1455,1506,1506,1506,1562,1626,1690,1690,
	1690,1690,1690,1690,1690,1691,1755,1787,1825,1850,1909,1973,2037,2101,2165,2229,
	2293,2293,2293,2293,2293,2293,2293,2293,2293,2293,2293,2293,2293,2293,2293,2293,
	2293,2293,2293,2293,2293,2293,2293,2293,2293,2293,2293,2293,2293,2293,2293,2293,
	2293,2293,2293,2293,2293,2293,2293,2293,2293,2293,2293,2293,2293,2293,2293,2293,
	2293,2293,2293,2293,2293,2293,2293,2293,2293,2293,2293,2293,2293,2293,2293,2293,
	2293,2293,2293,2293,2293,2293,2293,2293,2293,2293,2293,2293,2293,2293,2293,2293,
	2293,2293,2293,2293,2293,2293,2293,2293,2293,2293,2293,2293,2293,2293,2293,2293,
	2293,2293,2293,2293,2293,2293,2293,2293,2293,2293,2293,2293,2293,2293,2293,2293,
	2293,2293,2293,2293,2293,2293,2293,2293,2293,2293,2293,2293,2293,2293,2293,2293,
	2293,2293,2293,2293,2293,2293,2293,2293,2293,2293,2293,2293,2293,2293,2293,2293,
	2293,2293,2293,2293,2293,2293,2293,2293,2293,2293,2293,2293,2293,2293,2293,2293,
	2293,2293,2293,2293,2293,2293,2293,2293,2293,2293,2293,2293,2293,2293,2293,2293,
	2293,2293,2293,2293,2293,2293,2293,2293,2293,2293,2293,2293,2293,2293,2293,2293,
	2293,2293,2293,2293,2293,2293,2293,2293,2293,2293,2293,2293,2293,2293,2293,2293,
	2293,2293,2293,2293,2293,2293,2293,2293,2293,2293,2293,2293,2293,2293,2293,2293,
	2293,2293,2293,2293,2293,2293,2293,2293,2293,2293,2293,2293,2293,2293,2293,2293,
	2293,2293,2293,2293,2293,2293,2293,2293,2293,2293,2293,2293,2293,2293,2293,2293,
	2293,2293,2293,2293,2293,2293,2293,2293,2293,2293,2293,2293,2293,2293,2293,2293,
	2293,2293,2293,2293,2293,2293,2293,2293,2293,2293,2293,2293,2293,2293,2293,2293,
	2293,2293,2293,2293,2293,2293,2293,2293,2293,2293,2293,2293,2293,2293,2293,2293,
	2293,2293,2293,2293,2293,2293,2293,2293,2293,2293,2293,2293,2293,2293,2293,2293,
	2293,2293,2293,2293,2293,2293,2293,2293,2293,2293,2293,2293,2293,2293,2293,2293,
	2293,2293,2293,2293,2293,2293,2293,2293,2293,2293,2293,2293,2293,2293,2293,2293,
	2293,2293,2293,2293,2293,2293,2293,2293,2293,2293,2293,2293,2293,2293,2293,2293,
	2293,2293,2293,2293,2293,2293,2293,2293,2293,2293,2293,2293,2293,2293,2293,2293,
	2357,2373,2437,2437,2437,2437,2437,2437,2437,2437,2437,2437,2437,2437,2437,2437,
	2437,2437,2437,2437,2437,2437,2437,2437,2437,2437,2437,2437,2437,2437,2437,2437,
	2437,2437,2437,2437,2437,2437,2437,2437,2437,2437,2437,2437,2437,2437,2437,2437,
	2437,2437,2437,2437,2437,2437,2437,2437,2437,2437,2437,2437,2437,2437,2437,2437,
	2437,2437,2437,2437,2437,2437,2437,2437,2437,2437,2437,2437,2437,2437,2437,2437,
	2437,2437,2437,2437,2437,2437,2437,2437,2437,2437,2437,2437,2437,2437,2437,2437,
	2437,2437,2437,2437,2437,2437,2437,2437,2437,2437,2437,2437,2437,2437,2437,2437,
	2437,2437,2437,2437,2437,2437,2437,2437,2437,2437,2437,2437,2437,2437,2437,2437,
	2437,2437,2437,2437,2437,2437,2437,2437,2437,2437,2437,2437,2437,2437,2437,2437,
	2437,2437,2437,2437,2437,2437,2437,2437,2437,2437,2437,2437,2437,2437,2437,2437,
	2437,2437,2437,2437,2437,2437,2437,2437,2437,2437,2437,2437,2437,2437,2437,2437,
	2437,2437,2437,2437,2437,2437,2437,2437,2437,2437,2437,2437,2437,2437,2437,2437,
	2437,2437,2437,2437,2437,2437,2437,2437,2437,2437,2437,2437,2437,2437,2437,2437,
	2437,2437,2437,2437,2437,2437,2437,2437,2437,2437,2437,2437,2437,2437,2437,2437,
	2437,2437,2437,2437,2437,2437,2437,2437,2437,2437,2437,2437,2437,2437,2437,2437,
	2437,2437,2437,2437,2437,2437,2437,2437,2437,2437,2437,2437,2437,2437,2437,2437,
	2437,2437,2437,2437,2437,2437,2437,2437,2437,2437,2437,2437,2437,2437,2437,2437,
	2437,2437,2437,2437,2437,2437,2437,2437,2437,2437,2437,2437,2437,2437,2437,2437,
	2437,2437,2437,2437,2437,2437,2437,2437,2437,2437,2437,2437,2437,2437,2437,2437,
	2437,2437,2437,2437,2437,2437,2437,2437,2437,2437,2437,2437,2437,2437,2437,2437,
	2437,2437,2437,2437,2437,2437,2437,2437,2437,2437,2437,2437,2437,2437,2437,2437,
	2437,2437,2437,2437,2437,2437,2437,2437,2437,2437,2437,2437,2437,2437,2437,2437,
	2437,2437,2437,2437,2437,2437,2437,2437,2437,2437,2437,2437,2437,2437,2437,2437,
	2437,2437,2437,2437,2437,2437,2437,2437,2437,2437,2437,2437,2437,2437,2437,2437,
	2437,2437,2437,2437,2437,2437,2437,2437,2437,2437,2437,2437,2437,2437,2437,2437,
	2437,2437,2437,2437,2437,2437,2437,2437,2437,2437,2437,2437,2437,2437,2437,2437,
	2437,2437,2437,2437,2437,2437,2437,2437,2437,2437,2437,2437,2437,2437,2437,2437,
	2437,2437,2437,2437,2437,2437,2437,2437,2437,2437,2437,2437,2437,2437,2437,2437,
	2437,2437,2437,2437,2437,2437,2437,2437,2437,2437,2437,2437,2437,2437,2437,2437,
	2437,2437,2437,2437,2437,2437,2437,2437,2437,2437,2437,2437,2437,2437,2437,2437,
	2437,2437,2437,2437,2437,2437,2437,2437,2437,2437,2437,2437,2437,2437,2437,2437,
	2437,2437,2437,2437,2437,2437,2437,2437,2437,2437,2437,2437,2437,2437,2437,2437,
	2437,2437,2437,2437,2437,2437,2437,2437,2437,2437,2437,2437,2437,2437,2437,2437,
	2437,2437,2437,2437,2437,2437,2437,2437,2437,2437,2437,2437,2437,2437,2437,2437,
	2437,2437,2437,2437,2437,2437,2437,2437,2437,2437,2437,2437,2437,2437,2437,2437,
	2437,2437,2437,2437,2437,2437,2437,2437,2437,2437,2437,2437,2437,2437,2437,2437,
	
};

#define breakindex1(x) (((x)>>(5+6))&0x3FF)
#define breakindex2(x) (((x)>>5)&0x3F)
#define breakoffset(x) ((x)&0x1F)
#define breaklkup(x) (_breakdata[_breakidx2[_breakidx1[breakindex1(x)] + breakindex2(x)] + breakoffset(x)] )

