static
int	_upperdata[1827] =
{
	0,0,0,0,0,0,0,0,0,0,0,0,0,0,0,0,
	-32,-32,-32,-32,-32,-32,-32,-32,-32,-32,-32,-32,-32,-32,-32,0,
	0,0,0,0,0,0,0,0,0,0,0,0,0,0,0,743,
	0,0,0,0,0,0,0,0,0,0,0,0,0,0,0,0,
	-32,-32,-32,-32,-32,-32,-32,-32,-32,-32,-32,-32,-32,-32,-32,-32,
	0,-32,-32,-32,-32,-32,-32,-32,121,0,-1,0,-1,0,-1,0,
	-1,0,-1,0,-1,0,-1,0,-1,0,-232,0,-1,0,-1,0,
	-1,0,0,-1,0,-1,0,-1,0,-1,0,-1,0,0,-1,0,
	-1,0,-1,0,-1,0,-1,0,-1,0,-1,0,-1,0,0,-1,
	0,-1,0,-1,-300,195,0,0,-1,0,-1,0,0,-1,0,0,
	0,-1,0,0,0,-1,0,0,97,0,0,0,-1,163,42561,0,
	0,130,0,-1,0,-1,0,-1,0,0,-1,0,0,0,0,-1,
	0,0,0,-1,0,-1,0,0,-1,0,0,0,-1,0,56,0,
	0,0,0,0,-1,-2,0,-1,-2,0,-1,-2,0,-1,0,-1,
	0,-1,0,-1,0,-1,0,-1,0,-1,-79,0,-1,0,-1,0,
	-1,0,-1,0,-1,0,-1,0,-1,0,-1,0,0,-1,-2,0,
	-1,0,0,0,-1,0,-1,0,-1,0,-1,0,-1,0,-1,0,
	-1,0,-1,0,0,0,-1,0,-1,0,-1,0,-1,0,-1,0,
	-1,0,-1,0,0,0,0,0,0,0,0,-1,0,0,10815,0,
	-1,0,0,0,0,-1,0,-1,0,-1,0,-1,0,-1,10783,10780,
	10782,-210,-206,0,-205,-205,0,-202,0,-203,42319,0,0,0,-205,42315,
	0,-207,42343,42280,42308,0,-209,-211,42308,10743,42305,0,0,-211,0,10749,
	-213,0,0,-214,0,0,0,0,0,0,0,10727,0,0,-218,0,
	42307,-218,0,0,0,42282,-218,-69,-217,-217,-71,0,0,0,-219,0,
	0,0,0,0,0,0,0,0,0,42261,42258,0,0,0,0,0,
	0,0,0,0,0,0,0,0,0,0,0,84,0,0,0,0,
	0,0,0,0,0,0,0,0,0,0,0,0,-1,0,-1,0,
	0,0,-1,0,0,0,130,130,130,0,0,0,0,0,0,0,
	0,0,0,0,0,0,0,0,0,-38,-37,-37,-37,0,-32,-32,
	-32,-32,-32,-32,-32,-32,-32,-32,-32,-32,-32,-32,-32,-31,-32,-32,
	-32,-32,-32,-32,-32,-32,-32,-64,-63,-63,0,-62,-57,0,0,0,
	-47,-54,-8,0,-1,0,-1,0,-1,0,-1,0,-1,0,-1,0,
	-1,0,-1,-86,-80,7,-116,0,-96,0,0,-1,0,0,-1,0,
	0,0,0,0,0,0,0,0,0,0,0,0,0,0,0,-32,
	-32,-32,-32,-32,-32,-32,-32,-32,-32,-32,-32,-32,-32,-32,-32,-80,
	-80,-80,-80,-80,-80,-80,-80,-80,-80,-80,-80,-80,-80,-80,-80,0,
	-1,0,-1,0,-1,0,-1,0,-1,0,-1,0,-1,0,-1,0,
	0,0,0,0,0,0,0,0,-1,0,-1,0,-1,0,-1,0,
	-1,0,-1,0,-1,0,-1,0,0,-1,0,-1,0,-1,0,-1,
	0,-1,0,-1,0,-1,-15,0,-1,0,-1,0,-1,0,-1,0,
	-1,0,-1,0,-1,0,-1,0,0,0,0,0,0,0,0,0,
	0,0,0,0,0,0,0,-48,-48,-48,-48,-48,-48,-48,-48,-48,
	-48,-48,-48,-48,-48,-48,-48,0,0,0,0,0,0,0,0,0,
	0,0,0,0,0,0,0,3008,3008,3008,3008,3008,3008,3008,3008,3008,
	3008,3008,3008,3008,3008,3008,3008,0,0,3008,3008,3008,0,0,0,0,
	0,0,0,0,0,0,0,0,0,0,0,0,-8,-8,-8,-8,
	-8,-8,0,0,0,0,0,0,0,0,0,0,0,0,0,0,
	0,0,-6254,-6253,-6244,-6242,-6242,-6243,-6236,-6181,35266,0,-1,0,0,0,
	0,0,0,0,0,0,0,0,0,0,0,0,0,35332,0,0,
	0,3814,0,0,0,0,0,0,0,0,0,0,0,0,0,0,
	35384,0,0,0,0,0,0,0,0,0,0,0,0,0,0,0,
	0,-1,0,-1,0,-1,0,-1,0,-1,0,-1,0,-1,0,-1,
	0,0,0,0,0,-59,0,0,0,0,-1,0,-1,0,-1,0,
	-1,0,-1,0,-1,0,-1,0,-1,8,8,8,8,8,8,8,
	8,0,0,0,0,0,0,0,0,0,0,8,8,8,8,8,
	8,8,8,0,0,0,0,0,0,0,0,0,0,8,0,8,
	0,8,0,8,0,0,0,0,0,0,0,0,8,8,8,8,
	8,8,8,8,0,0,0,0,0,0,0,0,74,74,86,86,
	86,86,100,100,128,128,112,112,126,126,0,0,8,8,8,8,
	8,8,8,8,0,0,0,0,0,0,0,0,8,8,0,9,
	0,0,0,0,0,0,0,0,0,0,-7205,0,0,0,9,0,
	0,0,0,0,0,0,0,0,0,0,0,8,8,0,0,0,
	0,0,0,0,0,0,0,0,0,0,0,8,8,0,0,0,
	7,0,0,0,0,0,0,0,0,0,0,9,0,0,0,0,
	0,0,0,0,0,0,0,0,0,0,0,0,-28,0,0,0,
	0,0,0,0,0,0,0,0,0,0,0,0,0,-16,-16,-16,
	-16,-16,-16,-16,-16,-16,-16,-16,-16,-16,-16,-16,-16,0,0,0,
	0,-1,0,0,0,0,0,0,0,0,0,0,0,0,0,0,
	0,0,-26,-26,-26,-26,-26,-26,-26,-26,-26,-26,-26,-26,-26,-26,
	-26,-26,0,0,0,0,0,0,0,0,0,0,0,0,0,0,
	0,0,-48,-48,-48,-48,-48,-48,-48,-48,-48,-48,-48,-48,-48,-48,
	-48,-48,0,-1,0,0,0,-10795,-10792,0,-1,0,-1,0,-1,0,
	0,0,-1,0,0,-1,0,0,0,0,0,0,0,0,0,-1,
	0,-1,0,-1,0,-1,0,-1,0,-1,0,-1,0,-1,0,0,
	0,0,0,0,0,0,-1,0,-1,0,0,0,-1,0,0,0,
	0,0,0,0,0,0,0,0,0,-7264,-7264,-7264,-7264,-7264,-7264,-7264,
	-7264,-7264,-7264,-7264,-7264,-7264,-7264,-7264,-7264,0,-7264,0,0,0,0,0,
	-7264,0,0,0,0,0,0,0,0,0,0,0,0,0,0,0,
	0,-1,0,-1,0,-1,0,-1,0,-1,0,-1,0,-1,0,-1,
	0,0,0,0,0,0,0,0,0,0,0,0,0,0,0,0,
	-1,0,-1,0,-1,0,-1,0,-1,0,-1,0,-1,0,-1,0,
	0,0,0,0,0,0,0,0,0,0,0,0,0,0,0,-1,
	0,-1,0,-1,0,-1,0,-1,0,-1,0,-1,0,-1,0,0,
	0,0,0,0,0,0,0,0,-1,0,-1,0,0,-1,0,-1,
	0,-1,0,-1,0,0,0,0,-1,0,0,0,-1,0,-1,48,
	0,0,-1,0,-1,0,-1,0,-1,0,-1,0,0,0,0,0,
	0,-1,0,-1,0,-1,0,-1,0,-1,0,-1,0,0,0,0,
	-1,0,-1,0,0,-1,0,-1,0,-1,0,-1,0,-1,0,-1,
	0,0,0,0,0,0,0,0,0,0,0,0,0,0,0,0,
	-1,0,0,0,0,0,0,0,0,0,0,0,0,0,0,0,
	0,-928,0,0,0,0,0,0,0,0,0,0,0,0,0,0,
	0,0,-38864,-38864,-38864,-38864,-38864,-38864,-38864,-38864,-38864,-38864,-38864,-38864,-38864,-38864,
	-38864,-38864,0,0,0,0,0,0,0,0,0,0,0,0,0,0,
	0,0,-32,-32,-32,-32,-32,-32,-32,-32,-32,-32,-32,-32,-32,-32,
	-32,0,0,0,0,0,0,0,0,0,0,0,0,0,0,0,
	0,-40,-40,-40,-40,-40,-40,-40,-40,-40,-40,-40,-40,-40,-40,-40,
	-40,0,0,0,0,0,0,0,0,0,0,0,0,0,0,0,
	0,-40,-40,-40,-40,-40,-40,-40,-40,-40,-40,-40,-40,-40,-40,-40,
	-40,0,0,0,0,0,0,0,0,0,0,0,0,0,0,0,
	0,-39,-39,-39,-39,-39,-39,-39,-39,-39,0,-39,-39,-39,-39,-39,
	-39,-39,-39,-39,-39,-39,-39,-39,0,-39,-39,-39,-39,-39,-39,-39,
	0,-39,-39,0,0,0,0,0,0,0,0,0,0,0,0,0,
	0,0,0,-64,-64,-64,-64,-64,-64,-64,-64,-64,-64,-64,-64,-64,
	-64,-64,-64,0,0,0,0,0,0,0,0,0,0,0,0,0,
	0,0,0,-32,-32,-32,-32,-32,-32,-32,-32,-32,-32,-32,-32,-32,
	-32,-32,-32,0,0,0,0,0,0,0,0,0,0,0,0,0,
	0,0,0,-32,-32,-32,-32,-32,-32,-32,-32,-32,-32,-32,-32,-32,
	-32,-32,-32,0,0,0,0,0,0,0,0,0,0,0,0,0,
	0,0,0,-32,-32,-32,-32,-32,-32,-32,-32,-32,-32,-32,-32,-32,
	-32,-32,-32,0,0,0,0,0,0,0,0,0,0,0,0,0,
	0,0,0,-27,-27,-27,-27,-27,-27,-27,-27,-27,-27,-27,-27,-27,
	-27,-27,-27,0,0,0,0,0,0,0,0,0,0,0,0,0,
	0,0,0,-34,-34,-34,-34,-34,-34,-34,-34,-34,-34,-34,-34,-34,
	-34,-34,-34,0,0,0,0,0,0,0,0,0,0,0,0,0,
	0,0,0,
};
static
ushort	_upperidx2[1610] =
{
	0,0,0,0,0,0,15,20,31,31,31,42,48,48,64,73,
	89,89,89,105,115,125,125,133,149,163,178,191,207,221,235,251,
	259,259,275,287,302,318,334,350,366,380,395,395,395,395,395,395,
	395,395,395,395,406,412,412,427,441,441,445,461,475,491,499,515,
	527,527,527,543,543,559,575,575,589,599,599,599,615,631,631,631,
	631,631,631,647,647,647,662,663,672,679,679,679,679,679,679,679,
	679,679,679,679,679,679,679,679,679,679,679,679,679,679,679,679,
	679,679,679,679,679,679,679,679,679,679,679,679,679,679,679,679,
	679,679,679,679,679,679,679,679,679,679,679,679,679,679,679,679,
	679,679,679,679,679,679,679,679,679,679,679,679,679,679,679,679,
	679,679,679,679,679,679,679,679,679,679,679,679,679,679,679,679,
	679,679,679,679,679,679,679,679,679,679,679,679,679,679,679,679,
	679,679,679,679,679,679,679,679,679,679,679,679,679,679,679,679,
	679,679,679,679,679,679,679,679,679,695,695,700,716,716,716,716,
	716,716,716,716,716,716,716,716,716,716,716,716,716,716,716,716,
	716,716,716,716,716,716,716,716,716,716,716,716,716,716,716,716,
	716,716,716,716,716,716,716,716,716,716,716,724,738,738,738,738,
	738,738,738,738,738,738,738,738,738,738,738,738,738,738,738,738,
	738,738,738,738,738,738,738,738,738,738,738,738,738,738,738,738,
	738,738,738,738,738,738,738,738,738,738,738,738,738,738,738,738,
	738,738,738,738,738,738,738,738,738,738,738,738,738,738,738,738,
	738,738,738,738,754,765,765,765,765,765,765,765,765,765,765,765,
	765,765,765,772,786,801,801,801,801,801,801,801,816,816,816,816,
	816,816,816,816,816,826,841,841,841,841,841,841,857,859,875,875,
	877,892,908,924,940,940,940,956,971,987,1003,1016,1020,1020,1020,1020,
	1020,1020,1020,1020,1020,1020,1020,1020,1020,1020,1020,1020,1020,1020,1020,1020,
	1022,1037,1037,1053,1069,1074,1074,1074,1074,1074,1074,1074,1074,1074,1074,1074,
	1074,1074,1074,1074,1074,1074,1074,1074,1074,1074,1074,1074,1074,1074,1074,1074,
	1074,1074,1074,1074,1074,1074,1074,1074,1074,1074,1074,1074,1074,1074,1074,1074,
	1074,1074,1074,1074,1074,1074,1074,1074,1074,1090,1096,1106,1106,1106,1106,1106,
	1106,1106,1106,1106,1106,1106,1106,1106,1106,1106,1106,1106,1106,1106,1106,1106,
	1106,1106,1106,1106,1106,1106,1106,1106,1106,1106,1106,1106,1106,1106,1106,1106,
	1106,1106,1106,1106,1106,1106,1106,1106,1106,1106,1106,1106,1106,1106,1106,1106,
	1106,1106,1106,1106,1106,1106,1106,1106,1106,1106,1106,1106,1106,1106,1122,1122,
	1122,1138,1151,1166,1166,1166,1166,1166,1166,1178,1193,1209,1209,1219,1233,1233,
	1233,1233,1233,1233,1233,1233,1233,1233,1233,1233,1233,1233,1233,1233,1233,1233,
	1233,1233,1233,1233,1233,1233,1233,1233,1233,1233,1233,1233,1233,1233,1233,1233,
	1233,1233,1233,1233,1233,1233,1233,1233,1233,1233,1233,1233,1233,1233,1233,1233,
	1233,1233,1233,1233,1233,1233,1233,1233,1233,1233,1233,1233,1233,1233,1233,1233,
	1233,1233,1233,1233,1233,1233,1233,1233,1233,1233,1233,1233,1233,1233,1233,1233,
	1233,1233,1233,1233,1233,1233,1233,1233,1233,1233,1233,1233,1233,1233,1233,1233,
	1233,1233,1233,1233,1233,1233,1233,1233,1233,1233,1233,1233,1233,1233,1233,1233,
	1233,1233,1233,1233,1233,1233,1233,1233,1233,1233,1233,1233,1233,1233,1248,1248,
	1250,1264,1279,1283,1295,1295,1295,1295,1295,1295,1295,1295,1308,1308,1310,1310,
	1310,1326,1340,1355,1361,1372,1384,1396,1408,1418,1425,1425,1425,1425,1425,1425,
	1425,1425,1425,1425,1425,1425,1425,1425,1425,1425,1425,1425,1425,1425,1425,1425,
	1425,1425,1425,1425,1425,1425,1425,1425,1425,1425,1425,1425,1425,1425,1425,1425,
	1425,1425,1425,1425,1425,1425,1425,1425,1425,1425,1425,1425,1425,1425,1425,1438,
	1442,1458,1458,1458,1458,1458,1474,1474,1474,1474,1474,1474,1474,1474,1474,1474,
	1474,1474,1474,1474,1474,1474,1474,1474,1474,1474,1474,1474,1474,1474,1474,1474,
	1474,1474,1474,1474,1474,1474,1474,1474,1474,1474,1474,1474,1474,1474,1474,1474,
	1474,1474,1474,1474,1474,1474,1474,1474,1474,1474,1474,1474,1474,1474,1474,1474,
	1474,1474,1474,1474,1474,1474,1474,1474,1474,1474,1474,1474,1474,1474,1474,1474,
	1474,1474,1474,1474,1474,1474,1474,1474,1474,1474,1474,1474,1474,1474,1474,1474,
	1474,1474,1474,1474,1474,1474,1474,1474,1474,1474,1474,1474,1474,1474,1474,1474,
	1474,1474,1474,1474,1474,1474,1474,1474,1474,1474,1474,1474,1474,1474,1474,1474,
	1474,1474,1474,1474,1474,1474,1489,1494,1505,1505,1505,1505,1505,1505,1505,1505,
	1505,1505,1505,1505,1505,1505,1505,1505,1505,1505,1505,1505,1505,1505,1505,1505,
	1505,1505,1505,1505,1505,1505,1505,1505,1505,1505,1505,1505,1505,1505,1505,1505,
	1505,1505,1505,1505,1505,1505,1505,1505,1505,1505,1505,1505,1505,1505,1505,1505,
	1505,1505,1505,1505,1505,1505,1505,1505,1505,1505,1513,1521,1521,1537,1537,1537,
	1537,1537,1537,1537,1537,1545,1553,1557,1569,1569,1569,1569,1569,1569,1569,1569,
	1569,1578,1592,1606,1619,1619,1619,1619,1619,1619,1619,1619,1619,1619,1619,1619,
	1619,1619,1619,1619,1619,1619,1619,1619,1619,1619,1619,1619,1619,1619,1619,1619,
	1619,1619,1619,1619,1619,1619,1619,1619,1619,1619,1619,1619,1619,1619,1619,1619,
	1619,1619,1619,1619,1619,1619,1619,1619,1619,1619,1619,1619,1619,1619,1619,1619,
	1619,1619,1619,1619,1619,1619,1619,1619,1619,1619,1619,1619,1619,1619,1619,1619,
	1635,1635,1635,1648,1651,1651,1651,1651,1651,1651,1651,1667,1677,1683,1683,1683,
	1683,1683,1683,1683,1683,1683,1683,1683,1683,1683,1683,1683,1683,1683,1683,1683,
	1683,1683,1683,1683,1683,1683,1683,1683,1683,1683,1683,1683,1683,1683,1683,1683,
	1683,1683,1683,1683,1683,1683,1683,1683,1683,1683,1683,1683,1683,1683,1683,1683,
	1683,1683,1683,1683,1683,1683,1683,1683,1683,1683,1683,1683,1683,1683,1683,1683,
	1683,1683,1683,1683,1683,1683,1683,1683,1683,1683,1683,1683,1683,1683,1683,1683,
	1683,1683,1683,1683,1683,1683,1683,1683,1683,1683,1683,1683,1683,1683,1683,1683,
	1683,1683,1683,1683,1683,1683,1683,1683,1683,1683,1683,1683,1683,1683,1683,1683,
	1683,1683,1683,1683,1683,1683,1683,1683,1683,1683,1683,1683,1683,1699,1699,1715,
	1715,1715,1715,1715,1715,1715,1715,1715,1715,1715,1715,1715,1715,1715,1715,1715,
	1715,1715,1715,1715,1715,1715,1715,1715,1715,1715,1715,1715,1715,1715,1715,1715,
	1715,1715,1715,1715,1715,1715,1715,1715,1715,1715,1715,1715,1715,1715,1715,1715,
	1715,1715,1715,1715,1715,1715,1715,1715,1715,1715,1715,1715,1715,1715,1715,1715,
	1715,1715,1715,1715,1715,1715,1715,1715,1715,1715,1715,1715,1715,1715,1715,1715,
	1715,1715,1715,1715,1715,1715,1715,1715,1715,1715,1715,1715,1715,1715,1715,1715,
	1715,1715,1715,1715,1715,1715,1715,1715,1715,1715,1715,1715,1715,1715,1715,1715,
	1715,1715,1715,1715,1715,1715,1715,1715,1715,1715,1715,1715,1715,1715,1715,1731,
	1731,1747,1747,1747,1752,1763,1775,1779,1779,1779,1779,1779,1779,1779,1779,1779,
	1779,1779,1779,1779,1779,1779,1779,1779,1779,1779,1779,1779,1779,1779,1779,1779,
	1779,1779,1779,1779,1779,1779,1779,1779,1779,1779,1779,1779,1779,1779,1779,1779,
	1779,1779,1779,1779,1779,1779,1779,1779,1779,1779,1779,1779,1779,1779,1779,1779,
	1779,1779,1779,1779,1779,1779,1779,1779,1779,1779,1779,1779,1779,1779,1779,1779,
	1779,1779,1779,1779,1779,1779,1779,1779,1779,1779,1779,1779,1779,1779,1779,1779,
	1779,1779,1779,1779,1779,1779,1779,1779,1779,1779,1779,1779,1779,1779,1779,1779,
	1779,1779,1779,1779,1779,1779,1779,1779,1779,1779,1779,1779,1779,1779,1779,1779,
	1779,1779,1779,1779,1779,1779,1779,1793,1795,1807,1811,1811,1811,1811,1811,1811,
	1811,1811,1811,1811,1811,1811,1811,1811,1811,1811,1811,1811,1811,1811,1811,1811,
	1811,1811,1811,1811,1811,1811,1811,1811,1811,1811,1811,1811,1811,1811,1811,1811,
	1811,1811,1811,1811,1811,1811,1811,1811,1811,1811,1811,1811,1811,1811,1811,1811,
	1811,1811,1811,1811,1811,1811,1811,1811,1811,1811,1811,1811,1811,1811,1811,1811,
	1811,1811,1811,1811,1811,1811,1811,1811,1811,1811,1811,1811,1811,1811,1811,1811,
	1811,1811,1811,1811,1811,1811,1811,1811,1811,1811,1811,1811,1811,1811,1811,1811,
	1811,1811,1811,1811,1811,1811,1811,1811,1811,1811,1811,1811,1811,1811,1811,1811,
	1811,1811,1811,1811,1811,1811,1811,1811,1811,1811,
};
static
ushort	_upperidx1[1024] =
{
	0,89,204,268,396,475,558,558,558,558,558,558,558,558,558,558,
	558,558,558,558,586,714,774,774,774,774,774,774,774,774,774,786,
	904,996,1085,1201,1215,1215,1215,1215,1215,1215,1215,1215,1215,1241,1351,1351,
	1351,1351,1351,1351,1351,1351,1351,1351,1351,1351,1351,1351,1351,1461,1482,1482,
	1482,1482,1482,1482,1482,1482,1482,1482,1482,1482,1482,1482,1482,1482,1482,1482,
	1482,1482,1482,1482,1482,1482,1482,1482,1482,1482,1482,1482,1482,1482,1482,1482,
	1482,1482,1482,1482,1482,1482,1482,1482,1482,1482,1482,1482,1482,1482,1482,1482,
	1482,1482,1482,1482,1482,1482,1482,1482,1482,1482,1482,1482,1482,1482,1482,1482,
	1482,1482,1482,1482,1482,1482,1482,1482,1482,1482,1482,1482,1482,1482,1482,1482,
	1482,1482,1482,1482,1482,1482,1482,1482,1482,1482,1482,1482,1482,1482,1482,1482,
	1482,1482,1482,1482,1482,1482,1482,1482,1482,1482,1482,1482,1482,1482,1482,1482,
	1482,1482,1482,1482,1482,1482,1482,1482,1482,1482,1482,1482,1482,1482,1482,1482,
	1482,1482,1482,1482,1482,1482,1482,1482,1482,1482,1482,1482,1482,1482,1482,1482,
	1482,1482,1482,1482,1482,1482,1482,1482,1482,1482,1482,1482,1482,1482,1482,1482,
	1482,1482,1482,1482,1482,1482,1482,1482,1482,1482,1482,1482,1482,1482,1482,1482,
	1482,1482,1482,1482,1482,1482,1482,1482,1482,1482,1482,1482,1482,1482,1482,1482,
	1482,1482,1482,1482,1482,1482,1482,1482,1482,1482,1482,1482,1482,1482,1482,1482,
	1482,1482,1482,1482,1482,1482,1482,1482,1482,1482,1482,1482,1482,1482,1482,1482,
	1482,1482,1482,1482,1482,1482,1482,1482,1482,1482,1482,1482,1482,1482,1482,1482,
	1482,1482,1482,1482,1482,1482,1482,1482,1482,1482,1482,1482,1482,1482,1482,1482,
	1482,1482,1482,1482,1482,1482,1482,1482,1482,1482,1482,1482,1482,1482,1482,1482,
	1482,1482,1482,1482,1482,1482,1482,1482,1482,1482,1482,1482,1482,1482,1482,1482,
	1482,1482,1482,1482,1482,1482,1482,1482,1482,1482,1482,1482,1482,1482,1482,1482,
	1482,1482,1482,1482,1482,1482,1482,1482,1482,1482,1482,1482,1482,1482,1482,1482,
	1482,1482,1482,1482,1482,1482,1482,1482,1482,1482,1482,1482,1482,1482,1482,1482,
	1482,1482,1482,1482,1482,1482,1482,1482,1482,1482,1482,1482,1482,1482,1482,1482,
	1482,1482,1482,1482,1482,1482,1482,1482,1482,1482,1482,1482,1482,1482,1482,1482,
	1482,1482,1482,1482,1482,1482,1482,1482,1482,1482,1482,1482,1482,1482,1482,1482,
	1482,1482,1482,1482,1482,1482,1482,1482,1482,1482,1482,1482,1482,1482,1482,1482,
	1482,1482,1482,1482,1482,1482,1482,1482,1482,1482,1482,1482,1482,1482,1482,1482,
	1482,1482,1482,1482,1482,1482,1482,1482,1482,1482,1482,1482,1482,1482,1482,1482,
	1482,1482,1482,1482,1482,1482,1482,1482,1482,1482,1482,1482,1482,1482,1482,1482,
	1482,1482,1482,1482,1482,1482,1482,1482,1482,1482,1482,1482,1482,1482,1482,1482,
	1482,1482,1482,1482,1482,1482,1482,1482,1482,1482,1482,1482,1482,1482,1482,1482,
	1482,1482,1482,1482,1482,1482,1482,1482,1482,1482,1482,1482,1482,1482,1482,1482,
	1482,1482,1482,1482,1482,1482,1482,1482,1482,1482,1482,1482,1482,1482,1482,1482,
	1482,1482,1482,1482,1482,1482,1482,1482,1482,1482,1482,1482,1482,1482,1482,1482,
	1482,1482,1482,1482,1482,1482,1482,1482,1482,1482,1482,1482,1482,1482,1482,1482,
	1482,1482,1482,1482,1482,1482,1482,1482,1482,1482,1482,1482,1482,1482,1482,1482,
	1482,1482,1482,1482,1482,1482,1482,1482,1482,1482,1482,1482,1482,1482,1482,1482,
	1482,1482,1482,1482,1482,1482,1482,1482,1482,1482,1482,1482,1482,1482,1482,1482,
	1482,1482,1482,1482,1482,1482,1482,1482,1482,1482,1482,1482,1482,1482,1482,1482,
	1482,1482,1482,1482,1482,1482,1482,1482,1482,1482,1482,1482,1482,1482,1482,1482,
	1482,1482,1482,1482,1482,1482,1482,1482,1482,1482,1482,1482,1482,1482,1482,1482,
	1482,1482,1482,1482,1482,1482,1482,1482,1482,1482,1482,1482,1482,1482,1482,1482,
	1482,1482,1482,1482,1482,1482,1482,1482,1482,1482,1482,1482,1482,1482,1482,1482,
	1482,1482,1482,1482,1482,1482,1482,1482,1482,1482,1482,1482,1482,1482,1482,1482,
	1482,1482,1482,1482,1482,1482,1482,1482,1482,1482,1482,1482,1482,1482,1482,1482,
	1482,1482,1482,1482,1482,1482,1482,1482,1482,1482,1482,1482,1482,1482,1482,1482,
	1482,1482,1482,1482,1482,1482,1482,1482,1482,1482,1482,1482,1482,1482,1482,1482,
	1482,1482,1482,1482,1482,1482,1482,1482,1482,1482,1482,1482,1482,1482,1482,1482,
	1482,1482,1482,1482,1482,1482,1482,1482,1482,1482,1482,1482,1482,1482,1482,1482,
	1482,1482,1482,1482,1482,1482,1482,1482,1482,1482,1482,1482,1482,1482,1482,1482,
	1482,1482,1482,1482,1482,1482,1482,1482,1482,1482,1482,1482,1482,1482,1482,1482,
	1482,1482,1482,1482,1482,1482,1482,1482,1482,1482,1482,1482,1482,1482,1482,1482,
	1482,1482,1482,1482,1482,1482,1482,1482,1482,1482,1482,1482,1482,1482,1482,1482,
	1482,1482,1482,1482,1482,1482,1482,1482,1482,1482,1482,1482,1482,1482,1482,1482,
	1482,1482,1482,1482,1482,1482,1482,1482,1482,1482,1482,1482,1482,1482,1482,1482,
	1482,1482,1482,1482,1482,1482,1482,1482,1482,1482,1482,1482,1482,1482,1482,1482,
	1482,1482,1482,1482,1482,1482,1482,1482,1482,1482,1482,1482,1482,1482,1482,1482,
	1482,1482,1482,1482,1482,1482,1482,1482,1482,1482,1482,1482,1482,1482,1482,1482,
	1482,1482,1482,1482,1482,1482,1482,1482,1482,1482,1482,1482,1482,1482,1482,1482,
	1482,1482,1482,1482,1482,1482,1482,1482,1482,1482,1482,1482,1482,1482,1482,1482,
	1482,1482,1482,1482,1482,1482,1482,1482,1482,1482,1482,1482,1482,1482,1482,1482,
	
};

#define upperindex1(x) (((x)>>(4+7))&0x3FF)
#define upperindex2(x) (((x)>>4)&0x7F)
#define upperoffset(x) ((x)&0xF)
#define upperlkup(x) (_upperdata[_upperidx2[_upperidx1[upperindex1(x)] + upperindex2(x)] + upperoffset(x)] )

static
int	_lowerdata[1691] =
{
	0,0,0,0,0,0,0,0,0,0,0,0,0,0,0,0,
	32,32,32,32,32,32,32,32,32,32,32,32,32,32,32,0,
	0,0,0,0,0,0,0,0,0,0,0,0,0,0,0,32,
	32,32,32,32,32,32,32,32,32,32,32,32,32,32,32,0,
	32,32,32,32,32,32,32,0,0,0,0,0,0,0,0,0,
	0,0,0,0,0,0,0,1,0,1,0,1,0,1,0,1,
	0,1,0,1,0,1,0,-199,0,1,0,1,0,1,0,0,
	1,0,1,0,1,0,1,0,0,1,0,1,0,1,0,1,
	0,1,0,1,0,1,0,1,0,-121,1,0,1,0,1,0,
	0,210,1,0,1,0,206,1,0,205,205,1,0,0,79,202,
	203,1,0,205,207,0,211,209,1,0,0,0,211,213,0,214,
	1,0,1,0,1,0,218,1,0,218,0,0,1,0,218,1,
	0,217,217,1,0,1,0,219,1,0,0,0,1,0,0,0,
	0,2,1,0,2,1,0,2,1,0,1,0,1,0,1,0,
	1,0,1,0,1,0,0,1,0,1,0,1,0,1,0,1,
	0,1,0,1,0,1,0,2,1,0,1,0,-97,-56,1,0,
	1,0,1,0,1,0,1,0,1,0,1,0,1,0,-130,0,
	1,0,1,0,1,0,1,0,1,0,1,0,1,0,0,0,
	0,0,0,0,10795,1,0,-163,10792,0,1,0,-195,69,71,1,
	0,1,0,1,0,1,0,1,0,0,0,0,0,0,0,0,
	0,0,0,0,0,0,0,0,1,0,1,0,0,0,1,0,
	0,0,0,0,0,0,0,116,0,0,0,0,0,0,38,0,
	37,37,37,0,64,0,63,63,0,32,32,32,32,32,32,32,
	32,32,32,32,32,32,32,32,0,32,32,32,32,32,32,32,
	32,32,0,0,0,0,0,0,0,0,0,0,0,0,0,0,
	0,0,8,0,0,0,0,0,0,0,0,1,0,1,0,1,
	0,1,0,1,0,1,0,1,0,1,0,0,0,0,-60,0,
	0,1,0,-7,1,0,0,-130,-130,-130,80,80,80,80,80,80,
	80,80,80,80,80,80,80,80,80,80,32,32,32,32,32,32,
	32,32,32,32,32,32,32,32,32,32,0,0,0,0,0,0,
	0,0,0,0,0,0,0,0,0,0,1,0,1,0,1,0,
	1,0,1,0,1,0,1,0,1,0,0,0,0,0,0,0,
	0,0,1,0,1,0,1,0,1,0,1,0,1,0,1,0,
	1,0,15,1,0,1,0,1,0,1,0,1,0,1,0,1,
	0,0,1,0,1,0,1,0,1,0,1,0,1,0,1,0,
	1,0,48,48,48,48,48,48,48,48,48,48,48,48,48,48,
	48,48,0,0,0,0,0,0,0,0,0,0,0,0,0,0,
	0,0,7264,7264,7264,7264,7264,7264,7264,7264,7264,7264,7264,7264,7264,7264,
	7264,7264,0,7264,0,0,0,0,0,7264,0,0,0,0,0,0,
	0,0,0,0,0,0,0,0,0,0,38864,38864,38864,38864,38864,38864,
	38864,38864,38864,38864,38864,38864,38864,38864,38864,38864,8,8,8,8,8,8,
	0,0,0,0,0,0,0,0,0,0,0,0,0,0,0,0,
	1,0,0,0,0,0,0,-3008,-3008,-3008,-3008,-3008,-3008,-3008,-3008,-3008,
	-3008,-3008,-3008,-3008,-3008,-3008,-3008,0,0,-3008,-3008,-3008,0,0,0,0,
	0,0,0,0,0,0,0,0,0,0,0,0,1,0,1,0,
	1,0,1,0,1,0,1,0,1,0,1,0,0,0,0,0,
	0,0,0,0,-7615,0,1,0,1,0,1,0,1,0,1,0,
	1,0,1,0,1,0,0,0,0,0,0,0,0,-8,-8,-8,
	-8,-8,-8,-8,-8,0,0,0,0,0,0,0,0,-8,-8,-8,
	-8,-8,-8,0,0,0,0,0,0,0,0,-8,-8,-8,-8,-8,
	-8,-8,-8,0,0,0,0,0,0,0,0,-8,-8,-8,-8,-8,
	-8,0,0,0,0,0,0,0,0,0,-8,0,-8,0,-8,0,
	-8,0,0,0,0,0,0,0,0,-8,-8,-8,-8,-8,-8,-8,
	-8,0,0,0,0,0,0,0,0,0,0,0,0,0,0,0,
	0,-8,-8,-8,-8,-8,-8,-8,-8,0,0,0,0,0,0,0,
	0,-8,-8,-74,-74,-9,0,0,0,0,0,0,0,0,-86,-86,
	-86,-86,-9,0,0,0,0,0,0,0,0,-8,-8,-100,-100,0,
	0,0,0,0,0,0,0,-8,-8,-112,-112,-7,0,0,0,0,
	0,0,0,0,-128,-128,-126,-126,-9,0,0,0,0,0,0,0,
	0,0,0,0,0,0,0,0,0,-7517,0,0,0,-8383,-8262,0,
	0,0,0,28,0,0,0,0,0,0,0,0,0,0,0,0,
	0,0,0,0,16,16,16,16,16,16,16,16,16,16,16,16,
	16,16,16,16,0,0,0,0,0,0,0,0,0,0,0,0,
	0,0,0,0,1,0,0,0,0,0,0,0,0,0,0,0,
	0,0,0,0,0,26,26,26,26,26,26,26,26,26,26,26,
	26,26,26,26,26,0,0,0,0,0,0,0,0,0,0,0,
	0,0,0,0,0,48,48,48,48,48,48,48,48,48,48,48,
	48,48,48,48,48,0,0,0,0,0,0,0,0,0,0,0,
	0,0,0,0,0,1,0,-10743,-3814,-10727,0,0,1,0,1,0,
	1,0,-10780,-10749,-10783,-10782,0,1,0,0,1,0,0,0,0,0,
	0,0,0,-10815,-10815,1,0,1,0,1,0,1,0,1,0,1,
	0,1,0,1,0,0,0,0,0,0,0,0,1,0,1,0,
	0,1,0,0,0,0,0,0,0,0,0,0,0,0,0,0,
	0,0,1,0,1,0,1,0,1,0,1,0,1,0,1,0,
	1,0,0,0,0,0,0,0,0,0,0,0,0,0,0,0,
	0,1,0,1,0,1,0,1,0,1,0,1,0,1,0,1,
	0,0,0,0,0,0,0,0,0,0,0,0,0,0,0,0,
	1,0,1,0,1,0,1,0,1,0,1,0,1,0,1,0,
	0,0,0,0,0,0,0,0,1,0,1,0,-35332,1,0,1,
	0,1,0,1,0,0,0,0,1,0,-42280,0,0,1,0,1,
	0,0,0,1,0,1,0,1,0,1,0,1,0,-42308,-42319,-42315,
	-42305,-42308,0,-42258,-42282,-42261,928,1,0,1,0,1,0,1,0,1,
	0,1,0,-48,-42307,-35384,1,0,1,0,-42343,1,0,1,0,1,
	0,1,0,1,0,1,0,-42561,0,0,0,0,0,0,0,0,
	0,0,0,0,0,0,0,0,1,0,0,0,0,0,0,0,
	0,0,0,0,0,0,0,0,0,32,32,32,32,32,32,32,
	32,32,32,32,32,32,32,32,0,0,0,0,0,0,0,0,
	0,0,0,0,0,0,0,0,40,40,40,40,40,40,40,40,
	40,40,40,40,40,40,40,40,0,0,0,0,0,0,0,0,
	0,0,0,0,0,0,0,0,40,40,40,40,40,40,40,40,
	40,40,40,40,40,40,40,40,0,0,0,0,0,0,0,0,
	0,0,0,0,0,0,0,0,39,39,39,39,39,39,39,39,
	39,39,39,0,39,39,39,39,0,39,39,0,0,0,0,0,
	0,0,0,0,0,0,0,0,0,0,0,64,64,64,64,64,
	64,64,64,64,64,64,64,64,64,64,64,0,0,0,0,0,
	0,0,0,0,0,0,0,0,0,0,0,32,32,32,32,32,
	32,32,32,32,32,32,32,32,32,32,32,0,0,0,0,0,
	0,0,0,0,0,0,0,0,0,0,0,32,32,32,32,32,
	32,32,32,32,32,32,32,32,32,32,32,0,0,0,0,0,
	0,0,0,0,0,0,0,0,0,0,0,32,32,32,32,32,
	32,32,32,32,32,32,32,32,32,32,32,0,0,0,0,0,
	0,0,0,0,0,0,0,0,0,0,0,27,27,27,27,27,
	27,27,27,27,27,27,27,27,27,27,27,0,0,0,0,0,
	0,0,0,0,0,0,0,0,0,0,0,34,34,34,34,34,
	34,34,34,34,34,34,34,34,34,34,34,0,0,0,0,0,
	0,0,0,0,0,0,0,0,0,0,0,
};
static
ushort	_loweridx2[1541] =
{
	0,0,0,0,15,20,31,31,31,31,31,31,47,56,71,71,
	87,87,87,103,111,121,121,129,144,160,176,192,205,217,231,246,
	254,254,270,282,297,312,312,312,312,312,312,312,312,312,312,312,
	312,312,312,312,312,312,312,328,344,360,374,386,387,403,411,426,
	442,458,458,474,474,474,490,490,504,514,514,514,530,546,546,546,
	546,546,546,561,562,571,578,578,578,578,578,578,578,578,578,578,
	578,578,578,578,578,578,578,578,578,578,578,578,578,578,578,578,
	578,578,578,578,578,578,578,578,578,578,578,578,578,578,578,578,
	578,578,578,578,578,578,578,578,578,578,578,578,578,578,578,578,
	578,578,578,578,578,578,578,578,578,578,578,578,578,578,578,578,
	578,578,578,578,578,578,578,578,578,578,578,578,578,578,578,578,
	578,578,578,578,578,578,578,578,578,578,578,578,578,578,578,578,
	578,578,578,578,578,578,578,578,578,578,578,578,578,578,578,578,
	578,578,578,578,578,578,594,594,604,618,618,618,618,618,618,618,
	618,618,618,618,618,618,618,618,618,618,618,618,618,618,618,618,
	618,618,618,618,618,618,618,618,618,618,618,618,618,618,618,618,
	618,618,618,618,618,618,634,634,634,634,634,650,656,656,656,656,
	656,656,656,656,656,656,656,656,656,656,656,656,656,656,656,656,
	656,656,656,656,656,656,656,656,656,656,656,656,656,656,656,656,
	656,656,656,656,656,656,656,656,656,656,656,656,656,656,656,656,
	656,656,656,656,656,656,656,656,656,656,656,656,656,656,656,656,
	656,656,656,656,663,679,679,684,700,700,700,700,700,700,700,700,
	700,700,700,700,700,700,700,700,700,700,700,700,716,716,716,716,
	716,716,716,716,716,726,742,742,742,742,742,742,757,773,787,787,
	803,817,833,849,857,857,857,873,886,899,911,924,937,937,937,937,
	937,937,937,937,937,937,937,937,937,937,937,937,937,937,947,961,
	964,964,980,996,1009,1013,1013,1013,1013,1013,1013,1013,1013,1013,1013,1013,
	1013,1013,1013,1013,1013,1013,1013,1013,1013,1013,1013,1013,1013,1013,1013,1013,
	1013,1013,1013,1013,1013,1013,1013,1013,1013,1013,1013,1013,1013,1013,1013,1013,
	1013,1013,1013,1013,1013,1013,1013,1023,1029,1045,1045,1045,1045,1045,1045,1045,
	1045,1045,1045,1045,1045,1045,1045,1045,1045,1045,1045,1045,1045,1045,1045,1045,
	1045,1045,1045,1045,1045,1045,1045,1045,1045,1045,1045,1045,1045,1045,1045,1045,
	1045,1045,1045,1045,1045,1045,1045,1045,1045,1045,1045,1045,1045,1045,1045,1045,
	1045,1045,1045,1045,1045,1045,1045,1045,1045,1061,1061,1061,1077,1077,1077,1093,
	1109,1125,1125,1125,1125,1125,1125,1137,1151,1154,1154,1154,1154,1154,1154,1154,
	1154,1154,1154,1154,1154,1154,1154,1154,1154,1154,1154,1154,1154,1154,1154,1154,
	1154,1154,1154,1154,1154,1154,1154,1154,1154,1154,1154,1154,1154,1154,1154,1154,
	1154,1154,1154,1154,1154,1154,1154,1154,1154,1154,1154,1154,1154,1154,1154,1154,
	1154,1154,1154,1154,1154,1154,1154,1154,1154,1154,1154,1154,1154,1154,1154,1154,
	1154,1154,1154,1154,1154,1154,1154,1154,1154,1154,1154,1154,1154,1154,1154,1154,
	1154,1154,1154,1154,1154,1154,1154,1154,1154,1154,1154,1154,1154,1154,1154,1154,
	1154,1154,1154,1154,1154,1154,1154,1154,1154,1154,1154,1154,1154,1154,1154,1154,
	1154,1154,1154,1154,1154,1154,1154,1154,1154,1170,1170,1172,1185,1201,1205,1216,
	1216,1216,1216,1216,1216,1216,1216,1230,1230,1232,1232,1232,1247,1261,1277,1283,
	1299,1311,1323,1336,1347,1353,1353,1353,1353,1353,1353,1353,1353,1353,1353,1353,
	1353,1353,1353,1353,1353,1353,1353,1353,1353,1353,1353,1353,1353,1353,1353,1353,
	1353,1353,1353,1353,1353,1353,1353,1353,1353,1353,1353,1353,1353,1353,1353,1353,
	1353,1353,1353,1353,1353,1353,1353,1353,1353,1353,1353,1353,1353,1353,1353,1353,
	1353,1353,1353,1353,1353,1353,1353,1353,1353,1353,1353,1353,1353,1353,1353,1353,
	1353,1353,1353,1353,1353,1353,1353,1353,1353,1353,1353,1353,1353,1353,1353,1353,
	1353,1353,1353,1353,1353,1353,1353,1353,1353,1353,1353,1353,1353,1353,1353,1353,
	1353,1353,1353,1353,1353,1353,1353,1353,1353,1353,1353,1353,1353,1353,1353,1353,
	1353,1353,1353,1353,1353,1368,1373,1384,1384,1384,1384,1384,1384,1384,1384,1384,
	1384,1384,1384,1384,1384,1384,1384,1384,1384,1384,1384,1384,1384,1384,1384,1384,
	1384,1384,1384,1384,1384,1384,1384,1384,1384,1384,1384,1384,1384,1384,1384,1384,
	1384,1384,1384,1384,1384,1384,1384,1384,1384,1384,1384,1384,1384,1384,1384,1384,
	1384,1384,1384,1384,1384,1384,1384,1400,1400,1408,1416,1416,1416,1416,1416,1416,
	1416,1416,1432,1432,1444,1448,1448,1448,1448,1448,1448,1448,1448,1448,1464,1464,
	1477,1483,1483,1483,1483,1483,1483,1483,1483,1483,1483,1483,1483,1483,1483,1483,
	1483,1483,1483,1483,1483,1483,1483,1483,1483,1483,1483,1483,1483,1483,1483,1483,
	1483,1483,1483,1483,1483,1483,1483,1483,1483,1483,1483,1483,1483,1483,1483,1483,
	1483,1483,1483,1483,1483,1483,1483,1483,1483,1483,1483,1483,1483,1483,1483,1483,
	1483,1483,1483,1483,1483,1483,1483,1483,1483,1499,1499,1499,1512,1515,1515,1515,
	1515,1515,1515,1515,1515,1515,1531,1541,1547,1547,1547,1547,1547,1547,1547,1547,
	1547,1547,1547,1547,1547,1547,1547,1547,1547,1547,1547,1547,1547,1547,1547,1547,
	1547,1547,1547,1547,1547,1547,1547,1547,1547,1547,1547,1547,1547,1547,1547,1547,
	1547,1547,1547,1547,1547,1547,1547,1547,1547,1547,1547,1547,1547,1547,1547,1547,
	1547,1547,1547,1547,1547,1547,1547,1547,1547,1547,1547,1547,1547,1547,1547,1547,
	1547,1547,1547,1547,1547,1547,1547,1547,1547,1547,1547,1547,1547,1547,1547,1547,
	1547,1547,1547,1547,1547,1547,1547,1547,1547,1547,1547,1547,1547,1547,1547,1547,
	1547,1547,1547,1547,1547,1547,1547,1547,1547,1547,1547,1547,1547,1547,1547,1547,
	1547,1547,1547,1547,1547,1547,1547,1547,1563,1563,1579,1579,1579,1579,1579,1579,
	1579,1579,1579,1579,1579,1579,1579,1579,1579,1579,1579,1579,1579,1579,1579,1579,
	1579,1579,1579,1579,1579,1579,1579,1579,1579,1579,1579,1579,1579,1579,1579,1579,
	1579,1579,1579,1579,1579,1579,1579,1579,1579,1579,1579,1579,1579,1579,1579,1579,
	1579,1579,1579,1579,1579,1579,1579,1579,1579,1579,1579,1579,1579,1579,1579,1579,
	1579,1579,1579,1579,1579,1579,1579,1579,1579,1579,1579,1579,1579,1579,1579,1579,
	1579,1579,1579,1579,1579,1579,1579,1579,1579,1579,1579,1579,1579,1579,1579,1579,
	1579,1579,1579,1579,1579,1579,1579,1579,1579,1579,1579,1579,1579,1579,1579,1579,
	1579,1579,1579,1579,1579,1579,1579,1579,1579,1579,1595,1595,1611,1611,1611,1611,
	1627,1634,1643,1643,1643,1643,1643,1643,1643,1643,1643,1643,1643,1643,1643,1643,
	1643,1643,1643,1643,1643,1643,1643,1643,1643,1643,1643,1643,1643,1643,1643,1643,
	1643,1643,1643,1643,1643,1643,1643,1643,1643,1643,1643,1643,1643,1643,1643,1643,
	1643,1643,1643,1643,1643,1643,1643,1643,1643,1643,1643,1643,1643,1643,1643,1643,
	1643,1643,1643,1643,1643,1643,1643,1643,1643,1643,1643,1643,1643,1643,1643,1643,
	1643,1643,1643,1643,1643,1643,1643,1643,1643,1643,1643,1643,1643,1643,1643,1643,
	1643,1643,1643,1643,1643,1643,1643,1643,1643,1643,1643,1643,1643,1643,1643,1643,
	1643,1643,1643,1643,1643,1643,1643,1643,1643,1643,1643,1643,1643,1643,1643,1643,
	1643,1643,1659,1659,1673,1675,1675,1675,1675,1675,1675,1675,1675,1675,1675,1675,
	1675,1675,1675,1675,1675,1675,1675,1675,1675,1675,1675,1675,1675,1675,1675,1675,
	1675,1675,1675,1675,1675,1675,1675,1675,1675,1675,1675,1675,1675,1675,1675,1675,
	1675,1675,1675,1675,1675,1675,1675,1675,1675,1675,1675,1675,1675,1675,1675,1675,
	1675,1675,1675,1675,1675,1675,1675,1675,1675,1675,1675,1675,1675,1675,1675,1675,
	1675,1675,1675,1675,1675,1675,1675,1675,1675,1675,1675,1675,1675,1675,1675,1675,
	1675,1675,1675,1675,1675,1675,1675,1675,1675,1675,1675,1675,1675,1675,1675,1675,
	1675,1675,1675,1675,1675,1675,1675,1675,1675,1675,1675,1675,1675,1675,1675,1675,
	1675,1675,1675,1675,1675,
};
static
ushort	_loweridx1[1024] =
{
	0,86,204,268,396,473,553,553,553,553,553,553,553,553,553,553,
	553,553,553,553,581,709,709,709,709,709,709,709,709,709,709,723,
	839,929,1016,1134,1146,1146,1146,1146,1146,1146,1146,1146,1146,1174,1282,1282,
	1282,1282,1282,1282,1282,1282,1282,1282,1282,1282,1282,1282,1282,1394,1413,1413,
	1413,1413,1413,1413,1413,1413,1413,1413,1413,1413,1413,1413,1413,1413,1413,1413,
	1413,1413,1413,1413,1413,1413,1413,1413,1413,1413,1413,1413,1413,1413,1413,1413,
	1413,1413,1413,1413,1413,1413,1413,1413,1413,1413,1413,1413,1413,1413,1413,1413,
	1413,1413,1413,1413,1413,1413,1413,1413,1413,1413,1413,1413,1413,1413,1413,1413,
	1413,1413,1413,1413,1413,1413,1413,1413,1413,1413,1413,1413,1413,1413,1413,1413,
	1413,1413,1413,1413,1413,1413,1413,1413,1413,1413,1413,1413,1413,1413,1413,1413,
	1413,1413,1413,1413,1413,1413,1413,1413,1413,1413,1413,1413,1413,1413,1413,1413,
	1413,1413,1413,1413,1413,1413,1413,1413,1413,1413,1413,1413,1413,1413,1413,1413,
	1413,1413,1413,1413,1413,1413,1413,1413,1413,1413,1413,1413,1413,1413,1413,1413,
	1413,1413,1413,1413,1413,1413,1413,1413,1413,1413,1413,1413,1413,1413,1413,1413,
	1413,1413,1413,1413,1413,1413,1413,1413,1413,1413,1413,1413,1413,1413,1413,1413,
	1413,1413,1413,1413,1413,1413,1413,1413,1413,1413,1413,1413,1413,1413,1413,1413,
	1413,1413,1413,1413,1413,1413,1413,1413,1413,1413,1413,1413,1413,1413,1413,1413,
	1413,1413,1413,1413,1413,1413,1413,1413,1413,1413,1413,1413,1413,1413,1413,1413,
	1413,1413,1413,1413,1413,1413,1413,1413,1413,1413,1413,1413,1413,1413,1413,1413,
	1413,1413,1413,1413,1413,1413,1413,1413,1413,1413,1413,1413,1413,1413,1413,1413,
	1413,1413,1413,1413,1413,1413,1413,1413,1413,1413,1413,1413,1413,1413,1413,1413,
	1413,1413,1413,1413,1413,1413,1413,1413,1413,1413,1413,1413,1413,1413,1413,1413,
	1413,1413,1413,1413,1413,1413,1413,1413,1413,1413,1413,1413,1413,1413,1413,1413,
	1413,1413,1413,1413,1413,1413,1413,1413,1413,1413,1413,1413,1413,1413,1413,1413,
	1413,1413,1413,1413,1413,1413,1413,1413,1413,1413,1413,1413,1413,1413,1413,1413,
	1413,1413,1413,1413,1413,1413,1413,1413,1413,1413,1413,1413,1413,1413,1413,1413,
	1413,1413,1413,1413,1413,1413,1413,1413,1413,1413,1413,1413,1413,1413,1413,1413,
	1413,1413,1413,1413,1413,1413,1413,1413,1413,1413,1413,1413,1413,1413,1413,1413,
	1413,1413,1413,1413,1413,1413,1413,1413,1413,1413,1413,1413,1413,1413,1413,1413,
	1413,1413,1413,1413,1413,1413,1413,1413,1413,1413,1413,1413,1413,1413,1413,1413,
	1413,1413,1413,1413,1413,1413,1413,1413,1413,1413,1413,1413,1413,1413,1413,1413,
	1413,1413,1413,1413,1413,1413,1413,1413,1413,1413,1413,1413,1413,1413,1413,1413,
	1413,1413,1413,1413,1413,1413,1413,1413,1413,1413,1413,1413,1413,1413,1413,1413,
	1413,1413,1413,1413,1413,1413,1413,1413,1413,1413,1413,1413,1413,1413,1413,1413,
	1413,1413,1413,1413,1413,1413,1413,1413,1413,1413,1413,1413,1413,1413,1413,1413,
	1413,1413,1413,1413,1413,1413,1413,1413,1413,1413,1413,1413,1413,1413,1413,1413,
	1413,1413,1413,1413,1413,1413,1413,1413,1413,1413,1413,1413,1413,1413,1413,1413,
	1413,1413,1413,1413,1413,1413,1413,1413,1413,1413,1413,1413,1413,1413,1413,1413,
	1413,1413,1413,1413,1413,1413,1413,1413,1413,1413,1413,1413,1413,1413,1413,1413,
	1413,1413,1413,1413,1413,1413,1413,1413,1413,1413,1413,1413,1413,1413,1413,1413,
	1413,1413,1413,1413,1413,1413,1413,1413,1413,1413,1413,1413,1413,1413,1413,1413,
	1413,1413,1413,1413,1413,1413,1413,1413,1413,1413,1413,1413,1413,1413,1413,1413,
	1413,1413,1413,1413,1413,1413,1413,1413,1413,1413,1413,1413,1413,1413,1413,1413,
	1413,1413,1413,1413,1413,1413,1413,1413,1413,1413,1413,1413,1413,1413,1413,1413,
	1413,1413,1413,1413,1413,1413,1413,1413,1413,1413,1413,1413,1413,1413,1413,1413,
	1413,1413,1413,1413,1413,1413,1413,1413,1413,1413,1413,1413,1413,1413,1413,1413,
	1413,1413,1413,1413,1413,1413,1413,1413,1413,1413,1413,1413,1413,1413,1413,1413,
	1413,1413,1413,1413,1413,1413,1413,1413,1413,1413,1413,1413,1413,1413,1413,1413,
	1413,1413,1413,1413,1413,1413,1413,1413,1413,1413,1413,1413,1413,1413,1413,1413,
	1413,1413,1413,1413,1413,1413,1413,1413,1413,1413,1413,1413,1413,1413,1413,1413,
	1413,1413,1413,1413,1413,1413,1413,1413,1413,1413,1413,1413,1413,1413,1413,1413,
	1413,1413,1413,1413,1413,1413,1413,1413,1413,1413,1413,1413,1413,1413,1413,1413,
	1413,1413,1413,1413,1413,1413,1413,1413,1413,1413,1413,1413,1413,1413,1413,1413,
	1413,1413,1413,1413,1413,1413,1413,1413,1413,1413,1413,1413,1413,1413,1413,1413,
	1413,1413,1413,1413,1413,1413,1413,1413,1413,1413,1413,1413,1413,1413,1413,1413,
	1413,1413,1413,1413,1413,1413,1413,1413,1413,1413,1413,1413,1413,1413,1413,1413,
	1413,1413,1413,1413,1413,1413,1413,1413,1413,1413,1413,1413,1413,1413,1413,1413,
	1413,1413,1413,1413,1413,1413,1413,1413,1413,1413,1413,1413,1413,1413,1413,1413,
	1413,1413,1413,1413,1413,1413,1413,1413,1413,1413,1413,1413,1413,1413,1413,1413,
	1413,1413,1413,1413,1413,1413,1413,1413,1413,1413,1413,1413,1413,1413,1413,1413,
	1413,1413,1413,1413,1413,1413,1413,1413,1413,1413,1413,1413,1413,1413,1413,1413,
	1413,1413,1413,1413,1413,1413,1413,1413,1413,1413,1413,1413,1413,1413,1413,1413,
	1413,1413,1413,1413,1413,1413,1413,1413,1413,1413,1413,1413,1413,1413,1413,1413,
	1413,1413,1413,1413,1413,1413,1413,1413,1413,1413,1413,1413,1413,1413,1413,1413,
	
};

#define lowerindex1(x) (((x)>>(4+7))&0x3FF)
#define lowerindex2(x) (((x)>>4)&0x7F)
#define loweroffset(x) ((x)&0xF)
#define lowerlkup(x) (_lowerdata[_loweridx2[_loweridx1[lowerindex1(x)] + lowerindex2(x)] + loweroffset(x)] )

static
int	_titledata[1788] =
{
	0,0,0,0,0,0,0,0,0,0,0,0,0,0,0,0,
	-32,-32,-32,-32,-32,-32,-32,-32,-32,-32,-32,-32,-32,-32,-32,0,
	0,0,0,0,0,0,0,0,0,0,0,0,0,0,0,743,
	0,0,0,0,0,0,0,0,0,0,0,0,0,0,0,0,
	-32,-32,-32,-32,-32,-32,-32,-32,-32,-32,-32,-32,-32,-32,-32,-32,
	0,-32,-32,-32,-32,-32,-32,-32,121,0,-1,0,-1,0,-1,0,
	-1,0,-1,0,-1,0,-1,0,-1,0,-232,0,-1,0,-1,0,
	-1,0,0,-1,0,-1,0,-1,0,-1,0,-1,0,0,-1,0,
	-1,0,-1,0,-1,0,-1,0,-1,0,-1,0,-1,0,0,-1,
	0,-1,0,-1,-300,195,0,0,-1,0,-1,0,0,-1,0,0,
	0,-1,0,0,0,-1,0,0,97,0,0,0,-1,163,42561,0,
	0,130,0,-1,0,-1,0,-1,0,0,-1,0,0,0,0,-1,
	0,0,0,-1,0,-1,0,0,-1,0,0,0,-1,0,56,0,
	0,0,0,1,0,-1,1,0,-1,1,0,-1,0,-1,0,-1,
	0,-1,0,-1,0,-1,0,-1,-79,0,-1,0,-1,0,-1,0,
	-1,0,-1,0,-1,0,-1,0,-1,0,1,0,-1,0,-1,0,
	0,0,-1,0,-1,0,-1,0,-1,0,-1,0,-1,0,-1,0,
	-1,0,0,0,-1,0,-1,0,-1,0,-1,0,-1,0,-1,0,
	-1,0,0,0,0,0,0,0,0,-1,0,0,10815,0,-1,0,
	0,0,0,-1,0,-1,0,-1,0,-1,0,-1,10783,10780,10782,-210,
	-206,0,-205,-205,0,-202,0,-203,42319,0,0,0,-205,42315,0,-207,
	42343,42280,42308,0,-209,-211,42308,10743,42305,0,0,-211,0,10749,-213,0,
	0,-214,0,0,0,0,0,0,0,10727,0,0,-218,0,42307,-218,
	0,0,0,42282,-218,-69,-217,-217,-71,0,0,0,-219,0,0,0,
	0,0,0,0,0,0,0,42261,42258,0,0,0,0,0,0,0,
	0,0,0,0,0,0,0,0,0,84,0,0,0,0,0,0,
	0,0,0,0,0,0,0,0,0,0,-1,0,-1,0,0,0,
	-1,0,0,0,130,130,130,0,0,0,0,0,0,0,0,0,
	0,0,0,0,0,0,0,-38,-37,-37,-37,0,-32,-32,-32,-32,
	-32,-32,-32,-32,-32,-32,-32,-32,-32,-32,-32,-31,-32,-32,-32,-32,
	-32,-32,-32,-32,-32,-64,-63,-63,0,-62,-57,0,0,0,-47,-54,
	-8,0,-1,0,-1,0,-1,0,-1,0,-1,0,-1,0,-1,0,
	-1,-86,-80,7,-116,0,-96,0,0,-1,0,0,-1,0,0,0,
	0,0,0,0,0,0,0,0,0,0,0,0,0,-32,-32,-32,
	-32,-32,-32,-32,-32,-32,-32,-32,-32,-32,-32,-32,-32,-80,-80,-80,
	-80,-80,-80,-80,-80,-80,-80,-80,-80,-80,-80,-80,-80,0,-1,0,
	-1,0,-1,0,-1,0,-1,0,-1,0,-1,0,-1,0,0,0,
	0,0,0,0,0,0,-1,0,-1,0,-1,0,-1,0,-1,0,
	-1,0,-1,0,-1,0,0,-1,0,-1,0,-1,0,-1,0,-1,
	0,-1,0,-1,-15,0,-1,0,-1,0,-1,0,-1,0,-1,0,
	-1,0,-1,0,-1,0,0,0,0,0,0,0,0,0,0,0,
	0,0,0,0,0,-48,-48,-48,-48,-48,-48,-48,-48,-48,-48,-48,
	-48,-48,-48,-48,-48,0,0,0,0,0,0,0,0,0,0,0,
	0,0,0,0,0,-8,-8,-8,-8,-8,-8,0,0,0,0,0,
	0,0,0,0,0,0,0,0,0,0,0,-6254,-6253,-6244,-6242,-6242,
	-6243,-6236,-6181,35266,0,-1,0,0,0,0,0,0,0,0,0,0,
	0,0,0,0,0,0,35332,0,0,0,3814,0,0,0,0,0,
	0,0,0,0,0,0,0,0,0,35384,0,0,0,0,0,0,
	0,0,0,0,0,0,0,0,0,0,-1,0,-1,0,-1,0,
	-1,0,-1,0,-1,0,-1,0,-1,0,0,0,0,0,-59,0,
	0,0,0,-1,0,-1,0,-1,0,-1,0,-1,0,-1,0,-1,
	0,-1,8,8,8,8,8,8,8,8,0,0,0,0,0,0,
	0,0,0,0,8,8,8,8,8,8,8,8,0,0,0,0,
	0,0,0,0,0,0,8,0,8,0,8,0,8,0,0,0,
	0,0,0,0,0,8,8,8,8,8,8,8,8,0,0,0,
	0,0,0,0,0,74,74,86,86,86,86,100,100,128,128,112,
	112,126,126,0,0,8,8,8,8,8,8,8,8,0,0,0,
	0,0,0,0,0,8,8,0,9,0,0,0,0,0,0,0,
	0,0,0,-7205,0,0,0,9,0,0,0,0,0,0,0,0,
	0,0,0,0,8,8,0,0,0,0,0,0,0,0,0,0,
	0,0,0,0,8,8,0,0,0,7,0,0,0,0,0,0,
	0,0,0,0,9,0,0,0,0,0,0,0,0,0,0,0,
	0,0,0,0,0,-28,0,0,0,0,0,0,0,0,0,0,
	0,0,0,0,0,0,-16,-16,-16,-16,-16,-16,-16,-16,-16,-16,
	-16,-16,-16,-16,-16,-16,0,0,0,0,-1,0,0,0,0,0,
	0,0,0,0,0,0,0,0,0,0,0,-26,-26,-26,-26,-26,
	-26,-26,-26,-26,-26,-26,-26,-26,-26,-26,-26,0,0,0,0,0,
	0,0,0,0,0,0,0,0,0,0,0,-48,-48,-48,-48,-48,
	-48,-48,-48,-48,-48,-48,-48,-48,-48,-48,-48,0,-1,0,0,0,
	-10795,-10792,0,-1,0,-1,0,-1,0,0,0,-1,0,0,-1,0,
	0,0,0,0,0,0,0,0,-1,0,-1,0,-1,0,-1,0,
	-1,0,-1,0,-1,0,-1,0,0,0,0,0,0,0,0,-1,
	0,-1,0,0,0,-1,0,0,0,0,0,0,0,0,0,0,
	0,0,-7264,-7264,-7264,-7264,-7264,-7264,-7264,-7264,-7264,-7264,-7264,-7264,-7264,-7264,
	-7264,-7264,0,-7264,0,0,0,0,0,-7264,0,0,0,0,0,0,
	0,0,0,0,0,0,0,0,0,0,-1,0,-1,0,-1,0,
	-1,0,-1,0,-1,0,-1,0,-1,0,0,0,0,0,0,0,
	0,0,0,0,0,0,0,0,0,-1,0,-1,0,-1,0,-1,
	0,-1,0,-1,0,-1,0,-1,0,0,0,0,0,0,0,0,
	0,0,0,0,0,0,0,0,-1,0,-1,0,-1,0,-1,0,
	-1,0,-1,0,-1,0,-1,0,0,0,0,0,0,0,0,0,
	0,-1,0,-1,0,0,-1,0,-1,0,-1,0,-1,0,0,0,
	0,-1,0,0,0,-1,0,-1,48,0,0,-1,0,-1,0,-1,
	0,-1,0,-1,0,0,0,0,0,0,-1,0,-1,0,-1,0,
	-1,0,-1,0,-1,0,0,0,0,-1,0,-1,0,0,-1,0,
	-1,0,-1,0,-1,0,-1,0,-1,0,0,0,0,0,0,0,
	0,0,0,0,0,0,0,0,0,-1,0,0,0,0,0,0,
	0,0,0,0,0,0,0,0,0,0,-928,0,0,0,0,0,
	0,0,0,0,0,0,0,0,0,0,0,-38864,-38864,-38864,-38864,-38864,
	-38864,-38864,-38864,-38864,-38864,-38864,-38864,-38864,-38864,-38864,-38864,0,0,0,0,0,
	0,0,0,0,0,0,0,0,0,0,0,-32,-32,-32,-32,-32,
	-32,-32,-32,-32,-32,-32,-32,-32,-32,-32,0,0,0,0,0,0,
	0,0,0,0,0,0,0,0,0,0,-40,-40,-40,-40,-40,-40,
	-40,-40,-40,-40,-40,-40,-40,-40,-40,-40,0,0,0,0,0,0,
	0,0,0,0,0,0,0,0,0,0,-40,-40,-40,-40,-40,-40,
	-40,-40,-40,-40,-40,-40,-40,-40,-40,-40,0,0,0,0,0,0,
	0,0,0,0,0,0,0,0,0,0,-39,-39,-39,-39,-39,-39,
	-39,-39,-39,0,-39,-39,-39,-39,-39,-39,-39,-39,-39,-39,-39,-39,
	-39,0,-39,-39,-39,-39,-39,-39,-39,0,-39,-39,0,0,0,0,
	0,0,0,0,0,0,0,0,0,0,0,0,-64,-64,-64,-64,
	-64,-64,-64,-64,-64,-64,-64,-64,-64,-64,-64,-64,0,0,0,0,
	0,0,0,0,0,0,0,0,0,0,0,0,-32,-32,-32,-32,
	-32,-32,-32,-32,-32,-32,-32,-32,-32,-32,-32,-32,0,0,0,0,
	0,0,0,0,0,0,0,0,0,0,0,0,-32,-32,-32,-32,
	-32,-32,-32,-32,-32,-32,-32,-32,-32,-32,-32,-32,0,0,0,0,
	0,0,0,0,0,0,0,0,0,0,0,0,-32,-32,-32,-32,
	-32,-32,-32,-32,-32,-32,-32,-32,-32,-32,-32,-32,0,0,0,0,
	0,0,0,0,0,0,0,0,0,0,0,0,-27,-27,-27,-27,
	-27,-27,-27,-27,-27,-27,-27,-27,-27,-27,-27,-27,0,0,0,0,
	0,0,0,0,0,0,0,0,0,0,0,0,-34,-34,-34,-34,
	-34,-34,-34,-34,-34,-34,-34,-34,-34,-34,-34,-34,0,0,0,0,
	0,0,0,0,0,0,0,0,0,0,0,0,
};
static
ushort	_titleidx2[1560] =
{
	0,0,0,0,0,0,15,20,31,31,31,42,48,48,64,73,
	89,89,89,105,115,125,125,133,149,163,178,191,207,219,233,249,
	257,257,273,285,300,316,332,348,364,378,393,393,393,393,393,393,
	393,393,393,393,404,410,410,425,439,439,443,459,473,489,497,513,
	525,525,525,541,541,557,573,573,587,597,597,597,613,629,629,629,
	629,629,629,645,645,645,660,661,670,677,677,677,677,677,677,677,
	677,677,677,677,677,677,677,677,677,677,677,677,677,677,677,677,
	677,677,677,677,677,677,677,677,677,677,677,677,677,677,677,677,
	677,677,677,677,677,677,677,677,677,677,677,677,677,677,677,677,
	677,677,677,677,677,677,677,677,677,677,677,677,677,677,677,677,
	677,677,677,677,677,677,677,677,677,677,677,677,677,677,677,677,
	677,677,677,677,677,677,677,677,677,677,677,677,677,677,677,677,
	677,677,677,677,677,677,677,677,677,677,677,677,677,677,677,677,
	677,677,677,677,677,677,677,677,677,685,699,699,699,699,699,699,
	699,699,699,699,699,699,699,699,699,699,699,699,699,699,699,699,
	699,699,699,699,699,699,699,699,699,699,699,699,699,699,699,699,
	699,699,699,699,699,699,699,699,699,699,699,699,699,699,699,699,
	699,699,699,699,699,699,699,699,699,699,699,699,699,699,699,699,
	699,699,715,726,726,726,726,726,726,726,726,726,726,726,726,726,
	726,733,747,762,762,762,762,762,762,762,777,777,777,777,777,777,
	777,777,777,787,802,802,802,802,802,802,818,820,836,836,838,853,
	869,885,901,901,901,917,932,948,964,977,981,981,981,981,981,981,
	981,981,981,981,981,981,981,981,981,981,981,981,981,981,983,998,
	998,1014,1030,1035,1035,1035,1035,1035,1035,1035,1035,1035,1035,1035,1035,1035,
	1035,1035,1035,1035,1035,1035,1035,1035,1035,1035,1035,1035,1035,1035,1035,1035,
	1035,1035,1035,1035,1035,1035,1035,1035,1035,1035,1035,1035,1035,1035,1035,1035,
	1035,1035,1035,1035,1035,1035,1035,1051,1057,1067,1067,1067,1067,1067,1067,1067,
	1067,1067,1067,1067,1067,1067,1067,1067,1067,1067,1067,1067,1067,1067,1067,1067,
	1067,1067,1067,1067,1067,1067,1067,1067,1067,1067,1067,1067,1067,1067,1067,1067,
	1067,1067,1067,1067,1067,1067,1067,1067,1067,1067,1067,1067,1067,1067,1067,1067,
	1067,1067,1067,1067,1067,1067,1067,1067,1067,1067,1067,1067,1083,1083,1083,1099,
	1112,1127,1127,1127,1127,1127,1127,1139,1154,1170,1170,1180,1194,1194,1194,1194,
	1194,1194,1194,1194,1194,1194,1194,1194,1194,1194,1194,1194,1194,1194,1194,1194,
	1194,1194,1194,1194,1194,1194,1194,1194,1194,1194,1194,1194,1194,1194,1194,1194,
	1194,1194,1194,1194,1194,1194,1194,1194,1194,1194,1194,1194,1194,1194,1194,1194,
	1194,1194,1194,1194,1194,1194,1194,1194,1194,1194,1194,1194,1194,1194,1194,1194,
	1194,1194,1194,1194,1194,1194,1194,1194,1194,1194,1194,1194,1194,1194,1194,1194,
	1194,1194,1194,1194,1194,1194,1194,1194,1194,1194,1194,1194,1194,1194,1194,1194,
	1194,1194,1194,1194,1194,1194,1194,1194,1194,1194,1194,1194,1194,1194,1194,1194,
	1194,1194,1194,1194,1194,1194,1194,1194,1194,1194,1194,1194,1209,1209,1211,1225,
	1240,1244,1256,1256,1256,1256,1256,1256,1256,1256,1269,1269,1271,1271,1271,1287,
	1301,1316,1322,1333,1345,1357,1369,1379,1386,1386,1386,1386,1386,1386,1386,1386,
	1386,1386,1386,1386,1386,1386,1386,1386,1386,1386,1386,1386,1386,1386,1386,1386,
	1386,1386,1386,1386,1386,1386,1386,1386,1386,1386,1386,1386,1386,1386,1386,1386,
	1386,1386,1386,1386,1386,1386,1386,1386,1386,1386,1386,1386,1386,1399,1403,1419,
	1419,1419,1419,1419,1435,1435,1435,1435,1435,1435,1435,1435,1435,1435,1435,1435,
	1435,1435,1435,1435,1435,1435,1435,1435,1435,1435,1435,1435,1435,1435,1435,1435,
	1435,1435,1435,1435,1435,1435,1435,1435,1435,1435,1435,1435,1435,1435,1435,1435,
	1435,1435,1435,1435,1435,1435,1435,1435,1435,1435,1435,1435,1435,1435,1435,1435,
	1435,1435,1435,1435,1435,1435,1435,1435,1435,1435,1435,1435,1435,1435,1435,1435,
	1435,1435,1435,1435,1435,1435,1435,1435,1435,1435,1435,1435,1435,1435,1435,1435,
	1435,1435,1435,1435,1435,1435,1435,1435,1435,1435,1435,1435,1435,1435,1435,1435,
	1435,1435,1435,1435,1435,1435,1435,1435,1435,1435,1435,1435,1435,1435,1435,1435,
	1435,1435,1435,1435,1450,1455,1466,1466,1466,1466,1466,1466,1466,1466,1466,1466,
	1466,1466,1466,1466,1466,1466,1466,1466,1466,1466,1466,1466,1466,1466,1466,1466,
	1466,1466,1466,1466,1466,1466,1466,1466,1466,1466,1466,1466,1466,1466,1466,1466,
	1466,1466,1466,1466,1466,1466,1466,1466,1466,1466,1466,1466,1466,1466,1466,1466,
	1466,1466,1466,1466,1466,1466,1466,1466,1474,1482,1482,1498,1498,1498,1498,1498,
	1498,1498,1498,1506,1514,1518,1530,1530,1530,1530,1530,1530,1530,1530,1530,1539,
	1553,1567,1580,1580,1580,1580,1580,1580,1580,1580,1580,1580,1580,1580,1580,1580,
	1580,1580,1580,1580,1580,1580,1580,1580,1580,1580,1580,1580,1580,1580,1580,1580,
	1580,1580,1580,1580,1580,1580,1580,1580,1580,1580,1580,1580,1580,1580,1580,1580,
	1580,1580,1580,1580,1580,1580,1580,1580,1580,1580,1580,1580,1580,1580,1580,1580,
	1580,1580,1580,1580,1580,1580,1580,1580,1580,1580,1580,1580,1580,1580,1596,1596,
	1596,1609,1612,1612,1612,1612,1612,1612,1612,1628,1638,1644,1644,1644,1644,1644,
	1644,1644,1644,1644,1644,1644,1644,1644,1644,1644,1644,1644,1644,1644,1644,1644,
	1644,1644,1644,1644,1644,1644,1644,1644,1644,1644,1644,1644,1644,1644,1644,1644,
	1644,1644,1644,1644,1644,1644,1644,1644,1644,1644,1644,1644,1644,1644,1644,1644,
	1644,1644,1644,1644,1644,1644,1644,1644,1644,1644,1644,1644,1644,1644,1644,1644,
	1644,1644,1644,1644,1644,1644,1644,1644,1644,1644,1644,1644,1644,1644,1644,1644,
	1644,1644,1644,1644,1644,1644,1644,1644,1644,1644,1644,1644,1644,1644,1644,1644,
	1644,1644,1644,1644,1644,1644,1644,1644,1644,1644,1644,1644,1644,1644,1644,1644,
	1644,1644,1644,1644,1644,1644,1644,1644,1644,1644,1644,1660,1660,1676,1676,1676,
	1676,1676,1676,1676,1676,1676,1676,1676,1676,1676,1676,1676,1676,1676,1676,1676,
	1676,1676,1676,1676,1676,1676,1676,1676,1676,1676,1676,1676,1676,1676,1676,1676,
	1676,1676,1676,1676,1676,1676,1676,1676,1676,1676,1676,1676,1676,1676,1676,1676,
	1676,1676,1676,1676,1676,1676,1676,1676,1676,1676,1676,1676,1676,1676,1676,1676,
	1676,1676,1676,1676,1676,1676,1676,1676,1676,1676,1676,1676,1676,1676,1676,1676,
	1676,1676,1676,1676,1676,1676,1676,1676,1676,1676,1676,1676,1676,1676,1676,1676,
	1676,1676,1676,1676,1676,1676,1676,1676,1676,1676,1676,1676,1676,1676,1676,1676,
	1676,1676,1676,1676,1676,1676,1676,1676,1676,1676,1676,1676,1676,1692,1692,1708,
	1708,1708,1713,1724,1736,1740,1740,1740,1740,1740,1740,1740,1740,1740,1740,1740,
	1740,1740,1740,1740,1740,1740,1740,1740,1740,1740,1740,1740,1740,1740,1740,1740,
	1740,1740,1740,1740,1740,1740,1740,1740,1740,1740,1740,1740,1740,1740,1740,1740,
	1740,1740,1740,1740,1740,1740,1740,1740,1740,1740,1740,1740,1740,1740,1740,1740,
	1740,1740,1740,1740,1740,1740,1740,1740,1740,1740,1740,1740,1740,1740,1740,1740,
	1740,1740,1740,1740,1740,1740,1740,1740,1740,1740,1740,1740,1740,1740,1740,1740,
	1740,1740,1740,1740,1740,1740,1740,1740,1740,1740,1740,1740,1740,1740,1740,1740,
	1740,1740,1740,1740,1740,1740,1740,1740,1740,1740,1740,1740,1740,1740,1740,1740,
	1740,1740,1740,1740,1740,1754,1756,1768,1772,1772,1772,1772,1772,1772,1772,1772,
	1772,1772,1772,1772,1772,1772,1772,1772,1772,1772,1772,1772,1772,1772,1772,1772,
	1772,1772,1772,1772,1772,1772,1772,1772,1772,1772,1772,1772,1772,1772,1772,1772,
	1772,1772,1772,1772,1772,1772,1772,1772,1772,1772,1772,1772,1772,1772,1772,1772,
	1772,1772,1772,1772,1772,1772,1772,1772,1772,1772,1772,1772,1772,1772,1772,1772,
	1772,1772,1772,1772,1772,1772,1772,1772,1772,1772,1772,1772,1772,1772,1772,1772,
	1772,1772,1772,1772,1772,1772,1772,1772,1772,1772,1772,1772,1772,1772,1772,1772,
	1772,1772,1772,1772,1772,1772,1772,1772,1772,1772,1772,1772,1772,1772,1772,1772,
	1772,1772,1772,1772,1772,1772,1772,1772,
};
static
ushort	_titleidx1[1024] =
{
	0,89,154,218,346,425,508,508,508,508,508,508,508,508,508,508,
	508,508,508,508,536,664,724,724,724,724,724,724,724,724,724,736,
	854,946,1035,1151,1165,1165,1165,1165,1165,1165,1165,1165,1165,1191,1301,1301,
	1301,1301,1301,1301,1301,1301,1301,1301,1301,1301,1301,1301,1301,1411,1432,1432,
	1432,1432,1432,1432,1432,1432,1432,1432,1432,1432,1432,1432,1432,1432,1432,1432,
	1432,1432,1432,1432,1432,1432,1432,1432,1432,1432,1432,1432,1432,1432,1432,1432,
	1432,1432,1432,1432,1432,1432,1432,1432,1432,1432,1432,1432,1432,1432,1432,1432,
	1432,1432,1432,1432,1432,1432,1432,1432,1432,1432,1432,1432,1432,1432,1432,1432,
	1432,1432,1432,1432,1432,1432,1432,1432,1432,1432,1432,1432,1432,1432,1432,1432,
	1432,1432,1432,1432,1432,1432,1432,1432,1432,1432,1432,1432,1432,1432,1432,1432,
	1432,1432,1432,1432,1432,1432,1432,1432,1432,1432,1432,1432,1432,1432,1432,1432,
	1432,1432,1432,1432,1432,1432,1432,1432,1432,1432,1432,1432,1432,1432,1432,1432,
	1432,1432,1432,1432,1432,1432,1432,1432,1432,1432,1432,1432,1432,1432,1432,1432,
	1432,1432,1432,1432,1432,1432,1432,1432,1432,1432,1432,1432,1432,1432,1432,1432,
	1432,1432,1432,1432,1432,1432,1432,1432,1432,1432,1432,1432,1432,1432,1432,1432,
	1432,1432,1432,1432,1432,1432,1432,1432,1432,1432,1432,1432,1432,1432,1432,1432,
	1432,1432,1432,1432,1432,1432,1432,1432,1432,1432,1432,1432,1432,1432,1432,1432,
	1432,1432,1432,1432,1432,1432,1432,1432,1432,1432,1432,1432,1432,1432,1432,1432,
	1432,1432,1432,1432,1432,1432,1432,1432,1432,1432,1432,1432,1432,1432,1432,1432,
	1432,1432,1432,1432,1432,1432,1432,1432,1432,1432,1432,1432,1432,1432,1432,1432,
	1432,1432,1432,1432,1432,1432,1432,1432,1432,1432,1432,1432,1432,1432,1432,1432,
	1432,1432,1432,1432,1432,1432,1432,1432,1432,1432,1432,1432,1432,1432,1432,1432,
	1432,1432,1432,1432,1432,1432,1432,1432,1432,1432,1432,1432,1432,1432,1432,1432,
	1432,1432,1432,1432,1432,1432,1432,1432,1432,1432,1432,1432,1432,1432,1432,1432,
	1432,1432,1432,1432,1432,1432,1432,1432,1432,1432,1432,1432,1432,1432,1432,1432,
	1432,1432,1432,1432,1432,1432,1432,1432,1432,1432,1432,1432,1432,1432,1432,1432,
	1432,1432,1432,1432,1432,1432,1432,1432,1432,1432,1432,1432,1432,1432,1432,1432,
	1432,1432,1432,1432,1432,1432,1432,1432,1432,1432,1432,1432,1432,1432,1432,1432,
	1432,1432,1432,1432,1432,1432,1432,1432,1432,1432,1432,1432,1432,1432,1432,1432,
	1432,1432,1432,1432,1432,1432,1432,1432,1432,1432,1432,1432,1432,1432,1432,1432,
	1432,1432,1432,1432,1432,1432,1432,1432,1432,1432,1432,1432,1432,1432,1432,1432,
	1432,1432,1432,1432,1432,1432,1432,1432,1432,1432,1432,1432,1432,1432,1432,1432,
	1432,1432,1432,1432,1432,1432,1432,1432,1432,1432,1432,1432,1432,1432,1432,1432,
	1432,1432,1432,1432,1432,1432,1432,1432,1432,1432,1432,1432,1432,1432,1432,1432,
	1432,1432,1432,1432,1432,1432,1432,1432,1432,1432,1432,1432,1432,1432,1432,1432,
	1432,1432,1432,1432,1432,1432,1432,1432,1432,1432,1432,1432,1432,1432,1432,1432,
	1432,1432,1432,1432,1432,1432,1432,1432,1432,1432,1432,1432,1432,1432,1432,1432,
	1432,1432,1432,1432,1432,1432,1432,1432,1432,1432,1432,1432,1432,1432,1432,1432,
	1432,1432,1432,1432,1432,1432,1432,1432,1432,1432,1432,1432,1432,1432,1432,1432,
	1432,1432,1432,1432,1432,1432,1432,1432,1432,1432,1432,1432,1432,1432,1432,1432,
	1432,1432,1432,1432,1432,1432,1432,1432,1432,1432,1432,1432,1432,1432,1432,1432,
	1432,1432,1432,1432,1432,1432,1432,1432,1432,1432,1432,1432,1432,1432,1432,1432,
	1432,1432,1432,1432,1432,1432,1432,1432,1432,1432,1432,1432,1432,1432,1432,1432,
	1432,1432,1432,1432,1432,1432,1432,1432,1432,1432,1432,1432,1432,1432,1432,1432,
	1432,1432,1432,1432,1432,1432,1432,1432,1432,1432,1432,1432,1432,1432,1432,1432,
	1432,1432,1432,1432,1432,1432,1432,1432,1432,1432,1432,1432,1432,1432,1432,1432,
	1432,1432,1432,1432,1432,1432,1432,1432,1432,1432,1432,1432,1432,1432,1432,1432,
	1432,1432,1432,1432,1432,1432,1432,1432,1432,1432,1432,1432,1432,1432,1432,1432,
	1432,1432,1432,1432,1432,1432,1432,1432,1432,1432,1432,1432,1432,1432,1432,1432,
	1432,1432,1432,1432,1432,1432,1432,1432,1432,1432,1432,1432,1432,1432,1432,1432,
	1432,1432,1432,1432,1432,1432,1432,1432,1432,1432,1432,1432,1432,1432,1432,1432,
	1432,1432,1432,1432,1432,1432,1432,1432,1432,1432,1432,1432,1432,1432,1432,1432,
	1432,1432,1432,1432,1432,1432,1432,1432,1432,1432,1432,1432,1432,1432,1432,1432,
	1432,1432,1432,1432,1432,1432,1432,1432,1432,1432,1432,1432,1432,1432,1432,1432,
	1432,1432,1432,1432,1432,1432,1432,1432,1432,1432,1432,1432,1432,1432,1432,1432,
	1432,1432,1432,1432,1432,1432,1432,1432,1432,1432,1432,1432,1432,1432,1432,1432,
	1432,1432,1432,1432,1432,1432,1432,1432,1432,1432,1432,1432,1432,1432,1432,1432,
	1432,1432,1432,1432,1432,1432,1432,1432,1432,1432,1432,1432,1432,1432,1432,1432,
	1432,1432,1432,1432,1432,1432,1432,1432,1432,1432,1432,1432,1432,1432,1432,1432,
	1432,1432,1432,1432,1432,1432,1432,1432,1432,1432,1432,1432,1432,1432,1432,1432,
	1432,1432,1432,1432,1432,1432,1432,1432,1432,1432,1432,1432,1432,1432,1432,1432,
	1432,1432,1432,1432,1432,1432,1432,1432,1432,1432,1432,1432,1432,1432,1432,1432,
	1432,1432,1432,1432,1432,1432,1432,1432,1432,1432,1432,1432,1432,1432,1432,1432,
	1432,1432,1432,1432,1432,1432,1432,1432,1432,1432,1432,1432,1432,1432,1432,1432,
	
};

#define titleindex1(x) (((x)>>(4+7))&0x3FF)
#define titleindex2(x) (((x)>>4)&0x7F)
#define titleoffset(x) ((x)&0xF)
#define titlelkup(x) (_titledata[_titleidx2[_titleidx1[titleindex1(x)] + titleindex2(x)] + titleoffset(x)] )

