static
uchar	_mergeddata[12384] =
{
	0,0,0,0,0,0,0,0,0,1,1,1,1,1,0,0,
	0,0,0,0,0,0,0,0,0,0,0,0,0,0,1,0,
	0,0,0,0,0,0,0,0,0,0,0,0,0,0,4,4,
	4,4,4,4,4,4,4,4,0,0,0,0,0,0,42,42,
	42,42,42,42,42,42,42,42,42,42,42,42,42,0,0,0,
	0,0,18,18,18,18,18,18,18,18,18,18,18,18,18,18,
	18,0,0,0,0,0,1,0,0,0,0,0,0,0,0,0,
	0,0,0,0,0,0,0,1,0,0,0,0,0,0,0,0,
	0,2,0,0,0,0,0,18,0,0,0,0,2,0,0,0,
	0,0,42,42,42,42,42,42,42,42,42,42,42,42,42,42,
	42,42,0,42,42,42,42,42,42,42,18,18,18,18,18,18,
	18,18,18,18,18,18,18,18,18,18,0,18,18,18,18,18,
	18,18,18,42,18,42,18,42,18,42,18,42,18,42,18,42,
	18,42,18,10,18,42,18,42,18,42,18,18,42,18,42,18,
	42,18,42,18,18,42,18,42,18,42,18,42,18,42,18,42,
	18,42,18,42,18,42,42,18,42,18,42,18,18,42,42,18,
	42,18,42,42,18,42,42,42,18,18,42,42,18,42,42,18,
	42,42,42,18,18,18,42,42,18,42,18,42,18,42,42,18,
	42,18,18,42,18,42,42,42,18,42,18,42,42,18,18,2,
	42,18,18,18,2,2,2,2,10,34,18,10,34,18,10,34,
	18,42,18,42,18,42,18,42,18,42,18,42,18,18,42,18,
	42,18,42,18,42,18,42,18,42,18,42,18,42,18,10,34,
	18,42,18,42,42,42,18,42,18,42,18,42,18,42,18,42,
	18,42,18,42,18,18,18,18,18,18,18,42,42,18,42,42,
	18,42,18,42,42,42,42,18,42,18,42,18,42,18,42,18,
	18,18,18,18,18,18,18,18,18,18,18,18,18,18,18,2,
	2,18,18,18,18,18,18,18,18,18,18,18,18,18,18,18,
	18,2,2,2,2,2,2,2,2,2,2,2,2,2,2,2,
	2,0,0,0,0,2,2,2,2,2,2,2,2,2,2,0,
	0,0,0,0,0,0,0,0,0,0,0,0,0,2,2,2,
	2,2,0,0,0,0,0,0,0,2,0,2,0,0,0,0,
	0,0,0,0,0,0,0,0,0,0,0,0,42,18,42,18,
	2,0,42,18,0,0,2,18,18,18,0,42,0,0,0,0,
	0,0,42,0,42,42,42,0,42,0,42,42,18,42,42,42,
	42,42,42,42,42,42,42,42,42,42,42,42,0,42,42,42,
	42,42,42,42,42,42,18,18,18,18,18,18,18,18,18,18,
	18,18,18,18,18,18,42,18,18,10,10,10,18,18,18,42,
	18,42,18,42,18,42,18,42,18,42,18,42,18,42,18,18,
	18,18,10,18,0,42,18,42,42,18,18,42,42,42,42,42,
	42,42,42,42,42,42,42,42,42,42,42,18,18,18,18,18,
	18,18,18,18,18,18,18,18,18,18,18,42,18,42,18,42,
	18,42,18,42,18,42,18,42,18,42,18,0,0,0,0,0,
	0,0,0,42,18,42,18,42,18,42,18,42,18,42,18,42,
	18,42,18,42,42,18,42,18,42,18,42,18,42,18,42,18,
	42,18,18,42,18,42,18,42,18,42,18,42,18,42,18,42,
	18,42,18,0,42,42,42,42,42,42,42,42,42,42,42,42,
	42,42,42,42,0,0,2,0,0,0,0,0,0,18,18,18,
	18,18,18,18,18,18,18,18,18,18,18,18,18,0,0,0,
	0,0,0,0,0,0,0,0,0,0,0,0,0,2,2,2,
	2,2,2,2,2,2,2,2,2,2,2,2,2,0,0,0,
	0,2,2,2,0,0,0,0,0,0,0,0,0,0,0,0,
	0,0,0,0,2,2,2,2,2,2,2,2,2,2,2,2,
	2,2,2,2,0,0,0,0,0,0,0,0,0,0,0,0,
	0,0,0,0,4,4,4,4,4,4,4,4,4,4,0,0,
	0,0,2,2,2,2,2,2,2,2,2,2,2,2,2,2,
	2,2,0,2,0,0,0,0,0,0,0,0,0,0,2,2,
	0,0,0,0,0,0,0,2,2,4,4,4,4,4,4,4,
	4,4,4,2,2,2,0,0,2,0,0,0,0,0,0,0,
	0,0,0,0,0,0,0,0,0,2,0,2,2,2,2,2,
	2,2,2,2,2,2,2,2,2,2,2,0,0,0,0,0,
	0,0,0,0,0,0,0,0,0,0,0,2,2,2,2,2,
	2,2,2,2,2,2,2,2,2,2,2,0,0,0,0,0,
	0,0,0,0,0,2,0,0,0,0,0,0,0,0,0,0,
	0,0,0,0,4,4,4,4,4,4,4,4,4,4,2,2,
	2,2,2,2,2,2,2,2,2,2,2,2,2,2,0,0,
	0,0,0,2,2,0,0,0,0,2,0,0,0,0,0,2,
	2,2,2,2,2,2,2,2,2,2,2,2,2,2,2,0,
	0,0,0,2,0,0,0,0,0,2,0,0,0,2,0,0,
	0,0,0,0,0,0,0,0,0,0,0,0,0,0,2,2,
	2,2,2,2,2,2,2,2,2,2,2,2,2,2,0,0,
	0,0,0,0,0,2,2,2,2,2,2,2,2,2,2,2,
	0,0,0,0,0,2,2,2,2,2,2,2,2,2,2,2,
	2,2,2,2,2,0,2,2,2,2,2,2,2,0,0,0,
	0,0,0,0,0,0,0,0,0,0,0,0,0,2,2,2,
	2,2,2,2,2,2,2,2,2,2,2,2,2,0,0,0,
	0,0,0,0,0,0,0,0,0,0,0,0,0,2,2,2,
	2,2,2,2,2,2,2,2,2,2,2,2,2,0,0,0,
	2,0,0,0,0,0,0,0,0,0,0,0,0,0,0,0,
	0,2,0,0,0,0,0,0,0,2,2,2,2,2,2,2,
	2,0,0,0,0,4,4,4,4,4,4,4,4,4,4,0,
	2,2,2,2,2,2,2,2,2,2,2,2,2,2,2,0,
	0,0,0,2,2,2,2,2,2,2,2,0,0,2,2,2,
	2,2,2,2,2,2,2,2,2,2,0,2,2,2,2,2,
	2,0,2,0,0,0,2,2,2,2,0,0,0,2,0,0,
	0,0,0,0,0,0,0,0,0,0,0,0,2,0,0,0,
	0,0,0,0,0,0,0,0,0,2,2,0,2,2,0,0,
	0,0,4,4,4,4,4,4,4,4,4,4,2,2,0,0,
	0,0,0,0,0,0,0,0,2,0,0,0,0,0,2,2,
	2,2,2,2,0,0,0,0,2,0,0,2,2,2,2,2,
	2,2,2,2,2,2,2,2,0,2,2,2,2,2,2,0,
	2,2,0,2,2,0,2,2,0,0,0,0,0,0,0,0,
	0,0,0,0,0,0,0,0,2,2,2,2,0,2,0,0,
	0,0,0,0,4,4,4,4,4,4,4,4,4,4,0,0,
	2,2,2,0,0,0,0,0,0,0,0,0,0,0,2,2,
	2,2,2,2,2,2,2,0,2,2,2,2,2,2,2,2,
	2,2,2,2,2,0,2,2,2,2,2,2,0,2,2,0,
	2,2,2,2,2,0,0,0,2,0,0,0,0,0,0,0,
	0,0,0,0,0,0,0,0,0,2,0,0,0,0,0,0,
	0,0,0,0,0,0,0,0,0,2,2,0,0,0,0,4,
	4,4,4,4,4,4,4,4,4,0,0,0,0,0,0,0,
	0,0,2,0,0,0,0,0,0,2,2,2,2,2,2,2,
	2,0,0,2,2,2,2,2,2,2,2,2,2,2,2,2,
	0,2,2,2,2,2,2,0,2,2,0,2,2,2,2,2,
	0,0,0,2,0,0,0,0,0,0,0,0,0,0,0,0,
	0,0,0,0,2,2,0,2,2,0,0,0,0,4,4,4,
	4,4,4,4,4,4,4,0,2,0,0,0,0,0,0,0,
	0,0,0,0,0,0,0,2,0,2,2,2,2,2,2,0,
	0,0,2,2,0,2,2,2,2,0,0,0,2,2,0,2,
	0,2,2,0,0,0,2,2,0,0,0,2,2,2,0,0,
	0,2,2,2,2,2,2,2,2,2,2,0,0,0,0,0,
	0,0,0,0,0,0,0,0,0,0,0,2,0,0,0,0,
	0,0,0,0,0,0,0,0,0,0,0,4,4,4,4,4,
	4,4,4,4,4,0,0,0,0,0,0,0,0,0,0,0,
	0,0,0,0,0,2,2,2,2,2,2,2,2,0,2,2,
	2,2,2,2,2,2,2,2,2,2,2,2,0,2,2,2,
	2,2,2,2,2,2,2,0,0,0,2,0,0,0,0,0,
	0,0,0,0,0,0,0,0,0,0,0,2,2,2,0,2,
	2,0,0,0,0,4,4,4,4,4,4,4,4,4,4,0,
	0,0,0,0,0,0,0,0,0,0,0,0,0,0,0,2,
	0,0,0,0,2,2,2,2,2,2,2,2,0,2,2,2,
	2,2,2,2,2,2,2,2,2,2,2,0,2,2,2,2,
	2,2,0,2,2,2,2,2,0,0,0,2,0,0,0,0,
	0,0,0,0,0,0,0,0,0,0,0,0,2,2,2,0,
	0,0,0,4,4,4,4,4,4,4,4,4,4,0,2,2,
	0,0,0,0,0,0,0,0,0,0,0,0,0,2,2,2,
	2,2,2,2,2,2,0,2,2,2,2,2,2,2,2,2,
	2,2,2,2,2,2,2,0,0,2,0,0,0,0,0,0,
	0,0,0,0,0,0,0,0,2,0,0,0,0,2,2,2,
	0,0,0,0,0,0,0,0,2,2,0,0,0,0,4,4,
	4,4,4,4,4,4,4,4,0,0,0,0,0,0,0,0,
	0,0,2,2,2,2,2,2,2,2,2,2,2,0,0,0,
	2,2,2,2,2,2,2,2,2,2,2,2,2,2,2,2,
	0,2,2,2,2,2,2,2,2,2,0,2,0,0,2,2,
	2,2,2,2,2,0,0,0,0,0,0,0,0,0,0,0,
	0,0,0,0,0,4,4,4,4,4,4,4,4,4,4,0,
	0,0,0,0,0,0,0,0,0,0,0,0,0,0,0,2,
	2,2,2,2,2,2,2,2,2,2,2,2,2,2,2,0,
	2,2,0,0,0,0,0,0,0,0,0,0,0,0,2,2,
	2,2,2,2,2,0,0,0,0,0,0,0,0,0,4,4,
	4,4,4,4,4,4,4,4,0,0,0,0,0,0,0,0,
	0,0,0,0,0,0,0,0,2,2,0,2,0,2,2,2,
	2,2,0,2,2,2,2,2,2,2,2,2,2,2,2,2,
	2,2,2,0,2,0,2,2,2,2,2,2,2,2,2,0,
	2,2,0,0,0,0,0,0,0,0,0,2,0,0,2,2,
	2,2,2,0,2,0,0,0,0,0,0,0,0,0,4,4,
	4,4,4,4,4,4,4,4,0,0,2,2,2,2,0,0,
	0,0,0,0,0,0,0,0,0,0,0,0,0,0,2,0,
	0,0,0,0,0,0,0,0,0,0,0,0,0,0,0,4,
	4,4,4,4,4,4,4,4,4,0,0,0,0,0,0,0,
	0,0,0,0,0,0,0,0,0,2,2,2,2,2,2,2,
	2,0,2,2,2,2,2,2,2,2,2,2,2,2,2,2,
	2,2,0,0,0,0,0,0,0,0,0,0,0,0,0,0,
	0,0,2,2,2,2,2,0,0,0,0,0,0,0,0,0,
	0,0,0,0,0,0,0,2,2,2,2,2,2,2,2,2,
	2,2,2,2,2,2,2,0,0,0,0,0,0,0,0,0,
	0,0,0,0,0,0,2,4,4,4,4,4,4,4,4,4,
	4,0,0,0,0,0,0,2,2,2,2,2,2,0,0,0,
	0,2,2,2,2,0,0,2,0,0,0,2,2,0,0,0,
	0,0,0,0,2,2,0,0,0,0,2,2,2,2,2,2,
	2,2,2,2,2,0,0,0,0,0,0,0,0,0,0,0,
	0,2,0,4,4,4,4,4,4,4,4,4,4,0,0,0,
	0,0,0,42,42,42,42,42,42,42,42,42,42,42,42,42,
	42,42,42,0,42,0,0,0,0,0,42,0,0,50,50,50,
	50,50,50,50,50,50,50,50,50,50,50,50,50,0,2,50,
	50,50,2,2,2,2,2,2,2,2,2,2,2,2,2,2,
	2,2,0,2,2,2,2,0,0,2,2,2,2,2,2,2,
	0,2,0,2,2,2,2,0,0,2,2,2,2,2,2,2,
	2,2,2,2,2,2,2,2,2,0,2,2,2,2,0,0,
	2,2,2,2,2,2,2,2,2,2,2,2,2,2,2,2,
	0,2,2,2,2,0,0,2,2,2,2,2,2,2,0,2,
	2,2,2,0,0,2,2,2,2,2,2,2,2,0,2,2,
	2,2,2,2,2,2,2,2,2,2,2,2,2,2,0,2,
	2,2,2,0,0,2,2,2,2,2,2,2,2,2,2,2,
	2,2,2,2,2,0,0,0,0,0,0,0,0,0,0,0,
	0,0,0,0,0,2,2,2,2,2,2,2,2,2,2,2,
	2,2,2,2,2,0,0,0,0,0,0,0,0,0,0,0,
	0,0,0,0,0,42,42,42,42,42,42,42,42,42,42,42,
	42,42,42,42,42,0,0,18,18,18,18,18,18,0,0,2,
	2,2,2,2,2,2,2,2,2,2,2,2,2,2,2,0,
	0,2,2,2,2,2,2,2,2,2,2,2,2,2,2,2,
	2,1,2,2,2,2,2,2,2,2,2,2,2,2,2,2,
	2,0,0,0,0,0,2,2,2,2,2,2,2,2,2,2,
	2,2,2,2,2,2,0,0,0,0,0,2,2,2,2,2,
	2,2,2,0,0,0,0,0,0,0,2,2,2,2,2,2,
	2,2,2,2,2,2,2,2,2,2,0,0,0,0,0,0,
	0,0,0,0,0,0,0,2,2,2,2,2,2,2,2,2,
	2,2,2,2,2,2,2,0,0,0,0,0,0,0,0,0,
	0,0,0,0,0,2,2,2,2,2,2,2,2,2,2,2,
	2,2,2,2,2,0,0,0,0,0,0,0,0,0,0,0,
	0,0,0,2,2,2,2,2,2,2,2,2,2,2,2,2,
	0,2,2,0,0,0,0,0,0,0,0,0,0,0,0,0,
	0,0,2,2,2,2,2,2,2,2,2,2,2,2,2,2,
	2,2,0,0,0,0,0,0,0,0,0,0,0,0,0,0,
	0,0,2,0,0,0,0,2,0,0,0,4,4,4,4,4,
	4,4,4,4,4,0,0,0,0,0,0,0,0,0,0,0,
	0,0,0,0,0,4,4,4,4,4,4,4,4,4,4,0,
	0,0,0,0,0,2,2,2,2,2,2,2,2,2,2,2,
	2,2,2,2,2,0,0,0,0,0,0,0,2,2,2,2,
	2,0,0,2,2,2,2,2,2,2,2,2,2,2,2,2,
	2,2,2,0,2,0,0,0,0,0,2,2,2,2,2,2,
	2,2,2,2,2,2,2,2,2,2,0,0,0,0,0,0,
	0,0,0,0,2,2,2,2,2,2,2,2,2,2,2,2,
	2,2,2,2,0,0,0,0,0,0,0,0,0,0,0,0,
	0,0,0,0,4,4,4,4,4,4,4,4,4,4,2,2,
	2,2,2,2,2,2,2,2,2,2,2,2,2,2,0,0,
	0,0,0,0,0,0,0,0,0,2,2,2,2,2,2,2,
	2,2,2,2,2,2,2,2,2,0,0,0,0,2,2,2,
	2,2,2,2,2,2,2,2,2,2,2,2,2,0,0,0,
	0,0,0,4,4,4,4,4,4,4,4,4,4,0,0,0,
	0,0,0,0,0,0,0,0,0,0,0,0,0,2,2,2,
	2,2,2,2,2,2,2,2,2,2,2,2,2,0,0,0,
	0,0,0,0,0,0,2,2,2,2,2,2,2,2,2,2,
	2,2,2,2,2,2,0,0,0,0,0,0,0,0,0,0,
	0,0,0,0,0,0,4,4,4,4,4,4,4,4,4,4,
	0,0,0,0,0,0,0,2,0,0,0,0,0,0,0,0,
	0,0,0,0,0,0,0,0,2,2,2,2,2,2,2,2,
	2,2,2,2,2,2,2,2,0,0,0,0,0,0,0,0,
	0,0,0,0,2,2,2,2,2,2,2,2,0,0,0,4,
	4,4,4,4,4,4,4,4,4,0,0,0,0,0,0,0,
	0,0,0,0,0,0,0,0,0,2,2,2,2,2,2,2,
	2,2,2,2,2,2,2,2,2,0,0,0,0,0,0,0,
	0,0,0,0,0,0,2,2,4,4,4,4,4,4,4,4,
	4,4,2,2,2,2,2,2,2,2,2,2,2,2,2,2,
	2,2,0,0,0,0,0,0,0,0,0,0,0,0,0,0,
	0,0,2,2,2,2,2,2,2,2,2,2,2,2,2,2,
	2,2,0,0,0,0,0,0,0,0,0,0,0,0,0,0,
	0,0,4,4,4,4,4,4,4,4,4,4,0,0,0,2,
	2,2,4,4,4,4,4,4,4,4,4,4,2,2,2,2,
	2,2,2,2,2,2,2,2,2,2,2,2,0,0,18,18,
	18,18,18,18,18,18,18,42,18,0,0,0,0,0,10,10,
	10,10,10,10,10,10,10,10,10,10,10,10,10,10,0,0,
	10,10,10,0,0,0,0,0,0,0,0,0,0,0,0,0,
	0,0,0,2,2,2,2,0,2,2,0,0,0,2,0,0,
	0,0,0,18,18,18,18,18,18,18,18,18,18,18,18,18,
	18,18,18,2,2,2,2,2,2,2,2,2,2,2,2,2,
	2,2,2,18,18,18,18,18,18,18,18,2,18,18,18,18,
	18,18,18,18,18,18,18,18,18,18,18,18,2,2,2,2,
	2,2,2,2,2,2,2,2,2,2,2,2,0,0,0,0,
	0,0,0,0,0,0,0,0,0,0,0,0,42,18,42,18,
	42,18,42,18,42,18,42,18,42,18,42,18,18,18,18,18,
	18,18,18,18,10,18,42,18,42,18,42,18,42,18,42,18,
	42,18,42,18,42,18,18,18,18,18,18,18,18,42,42,42,
	42,42,42,42,42,18,18,18,18,18,18,0,0,42,42,42,
	42,42,42,0,0,18,18,18,18,18,18,18,18,42,42,42,
	42,42,42,42,42,18,18,18,18,18,18,0,0,42,42,42,
	42,42,42,0,0,18,18,18,18,18,18,18,18,0,42,0,
	42,0,42,0,42,18,18,18,18,18,18,18,18,42,42,42,
	42,42,42,42,42,18,18,18,18,18,18,18,18,18,18,18,
	18,18,18,0,0,18,18,18,18,18,18,18,18,42,42,42,
	42,42,42,42,42,18,18,18,18,18,0,18,18,42,42,42,
	42,42,0,18,0,0,18,18,18,0,18,18,42,42,42,42,
	42,0,0,0,18,18,18,18,0,0,18,18,42,42,42,42,
	0,0,0,0,18,18,18,18,18,18,18,18,42,42,42,42,
	42,0,0,0,18,18,18,0,18,18,42,42,42,42,42,0,
	0,0,1,1,1,1,1,1,1,1,1,1,1,0,0,0,
	0,0,0,0,0,0,0,0,0,0,0,0,0,1,1,0,
	0,0,0,0,1,0,0,0,0,0,0,0,0,0,0,0,
	0,0,0,0,0,1,0,0,0,0,0,0,0,0,0,0,
	0,0,0,0,0,0,2,0,0,0,0,0,0,0,0,0,
	0,0,0,0,2,0,0,0,0,0,0,0,0,0,0,0,
	0,0,0,0,0,2,2,2,2,2,2,2,2,2,2,2,
	2,2,0,0,0,0,0,0,0,0,0,0,0,0,0,0,
	0,0,10,0,0,0,0,10,0,0,18,10,10,10,18,18,
	10,10,10,18,0,10,0,0,0,10,10,10,10,10,0,0,
	0,0,10,0,10,0,10,0,10,10,10,10,0,18,10,10,
	42,10,18,2,2,2,2,18,0,0,18,18,10,10,0,0,
	0,0,0,10,18,18,18,18,0,0,0,0,18,0,0,0,
	0,0,0,0,0,0,0,0,0,0,0,0,0,40,40,40,
	40,40,40,40,40,40,40,40,40,40,40,40,40,16,16,16,
	16,16,16,16,16,16,16,16,16,16,16,16,16,0,0,0,
	42,18,0,0,0,0,0,0,0,0,0,0,0,0,0,0,
	0,0,40,40,40,40,40,40,40,40,40,40,40,40,40,40,
	40,40,16,16,16,16,16,16,16,16,16,16,16,16,16,16,
	16,16,0,0,0,0,0,0,0,0,0,0,0,0,0,0,
	0,0,42,42,42,42,42,42,42,42,42,42,42,42,42,42,
	42,42,18,18,18,18,18,18,18,18,18,18,18,18,18,18,
	18,18,42,18,42,42,42,18,18,42,18,42,18,42,18,42,
	42,42,18,42,18,18,42,18,18,18,18,18,18,2,2,42,
	42,18,42,18,42,18,42,18,42,18,42,18,42,18,42,18,
	18,0,0,0,0,0,0,42,18,42,18,0,0,42,18,0,
	0,0,0,0,0,0,0,0,0,0,0,18,18,18,18,18,
	18,18,18,18,18,18,18,18,18,18,18,0,18,0,0,0,
	0,0,18,0,0,2,2,2,2,2,2,2,2,2,2,2,
	2,2,2,2,2,0,0,0,0,0,0,0,2,0,0,0,
	0,0,0,0,0,0,0,0,0,0,0,0,0,2,2,2,
	2,2,2,2,2,2,2,2,2,2,2,2,2,0,0,0,
	0,0,0,0,0,0,2,2,2,2,2,2,2,0,2,2,
	2,2,2,2,2,0,0,0,0,0,0,0,0,0,0,0,
	0,0,0,0,0,2,0,0,0,0,0,0,0,0,0,0,
	0,0,0,0,0,0,1,0,0,0,0,2,2,0,0,0,
	0,0,0,0,0,0,0,0,0,0,0,0,0,2,2,2,
	2,2,0,0,0,0,0,2,2,0,0,0,2,2,2,2,
	2,2,2,2,2,2,2,2,2,2,2,2,0,0,0,0,
	0,0,2,2,2,2,2,2,2,2,2,2,2,2,2,2,
	2,2,0,2,2,2,2,0,0,0,0,0,2,2,2,2,
	2,2,2,2,2,2,2,2,2,2,2,2,0,2,2,2,
	2,2,2,2,2,2,2,2,2,2,2,2,2,0,0,0,
	0,0,0,0,0,0,0,0,0,0,0,0,0,2,2,2,
	2,2,2,2,2,2,2,2,2,2,2,2,2,0,0,0,
	0,0,0,0,0,0,0,0,0,0,0,0,0,2,2,2,
	2,2,2,2,2,2,2,2,2,2,2,2,2,0,0,0,
	0,0,0,0,0,0,0,0,0,0,0,0,0,2,2,2,
	2,2,2,2,2,2,2,2,2,2,2,2,2,0,0,0,
	0,0,0,0,0,0,0,0,0,0,0,0,0,2,2,2,
	2,2,2,2,2,2,2,2,2,2,2,2,2,0,0,0,
	0,0,0,0,0,0,0,0,0,0,0,0,0,2,2,2,
	2,2,2,2,2,2,2,2,2,2,2,2,2,0,0,2,
	2,2,2,2,2,2,2,2,2,2,2,2,2,2,2,0,
	0,0,2,2,2,2,2,2,2,2,2,2,2,2,2,2,
	2,2,4,4,4,4,4,4,4,4,4,4,2,2,0,0,
	0,0,0,0,0,0,0,0,0,0,0,0,0,0,42,18,
	42,18,42,18,42,18,42,18,42,18,42,18,42,18,2,0,
	0,0,0,0,0,0,0,0,0,0,0,0,0,0,2,42,
	18,42,18,42,18,42,18,42,18,42,18,42,18,42,18,2,
	2,0,0,2,2,2,2,2,2,2,2,2,2,2,2,2,
	2,2,2,0,0,0,0,0,0,0,0,0,0,0,0,0,
	0,0,0,2,2,2,2,2,2,2,2,2,0,0,42,18,
	42,18,42,18,42,18,42,18,42,18,42,18,18,42,18,42,
	18,42,18,42,18,42,18,42,18,42,18,42,18,2,18,18,
	18,18,18,18,18,18,42,18,42,18,42,42,18,42,18,42,
	18,42,18,2,0,0,42,18,42,18,2,42,18,42,18,18,
	18,42,18,42,18,42,18,42,18,42,18,42,42,42,42,42,
	18,42,18,42,18,42,18,42,18,42,18,42,42,42,42,18,
	42,18,42,42,18,42,18,42,18,42,18,42,18,42,18,42,
	0,0,0,0,0,0,0,0,0,0,0,0,0,0,0,0,
	2,2,2,2,42,18,2,2,2,18,2,2,2,2,2,0,
	2,2,2,0,2,2,2,2,0,2,2,2,2,2,2,2,
	2,2,2,2,2,2,2,2,2,0,0,0,0,0,0,0,
	0,0,0,0,0,0,0,0,0,2,2,2,2,2,2,2,
	2,2,2,2,2,2,2,2,2,0,0,0,0,0,0,0,
	0,0,0,0,0,2,2,2,2,2,2,2,2,2,2,2,
	2,2,2,2,2,0,0,0,0,0,0,0,0,0,0,0,
	0,0,0,0,0,4,4,4,4,4,4,4,4,4,4,0,
	0,0,0,0,0,0,0,0,0,0,0,0,0,0,0,2,
	2,2,2,2,2,0,0,0,2,0,2,2,0,4,4,4,
	4,4,4,4,4,4,4,2,2,2,2,2,2,2,2,2,
	2,2,2,2,2,2,2,0,0,0,0,0,0,0,0,0,
	0,2,2,2,2,2,2,2,2,2,2,2,2,2,2,2,
	2,0,0,0,0,0,0,0,0,0,0,0,0,0,0,0,
	0,2,2,2,2,2,2,2,2,2,2,2,2,2,2,2,
	2,0,0,0,0,2,2,2,2,2,2,2,2,2,2,2,
	2,2,2,2,2,0,0,0,0,0,0,0,0,0,0,0,
	0,0,0,0,2,4,4,4,4,4,4,4,4,4,4,0,
	0,0,0,0,0,2,2,2,2,2,0,2,2,2,2,2,
	2,2,2,2,2,4,4,4,4,4,4,4,4,4,4,2,
	2,2,2,2,0,2,2,2,2,2,2,2,2,2,2,2,
	2,2,2,2,2,0,0,0,0,0,0,0,0,0,0,0,
	0,0,0,0,0,2,2,2,0,2,2,2,2,2,2,2,
	2,0,0,0,0,4,4,4,4,4,4,4,4,4,4,0,
	0,0,0,0,0,2,2,2,2,2,2,2,2,2,2,2,
	2,2,2,2,2,0,0,0,2,0,0,0,2,2,2,2,
	2,2,2,2,2,2,2,2,2,2,2,2,0,2,0,0,
	0,2,2,0,0,2,2,2,2,2,0,0,2,0,2,0,
	0,0,0,0,0,0,0,0,0,0,0,0,2,2,2,0,
	0,2,2,2,2,2,2,2,2,2,2,2,0,0,0,0,
	0,2,2,2,0,0,0,0,0,0,0,0,0,0,0,2,
	2,2,2,2,2,0,0,2,2,2,2,2,2,0,0,0,
	0,0,0,0,0,0,2,2,2,2,2,2,2,0,2,2,
	2,2,2,2,2,0,18,18,18,18,18,18,18,18,18,18,
	18,18,18,18,18,18,0,2,2,2,2,18,18,18,18,18,
	18,18,18,18,2,0,0,0,0,0,0,18,18,18,18,18,
	18,18,18,18,18,18,18,18,18,18,18,2,2,2,2,2,
	2,2,2,2,2,2,2,2,2,2,2,0,0,0,0,0,
	0,0,0,0,0,0,0,0,4,4,4,4,4,4,4,4,
	4,4,0,0,0,0,0,0,2,2,2,2,2,2,2,2,
	2,2,2,2,2,2,2,2,0,0,0,0,0,0,0,0,
	0,0,0,0,2,2,2,2,2,2,2,2,2,2,2,2,
	2,2,2,2,0,0,0,0,2,2,2,2,2,2,2,2,
	2,2,2,2,2,2,2,2,0,0,0,0,0,0,0,0,
	0,0,0,0,0,0,0,0,2,2,2,2,2,2,2,2,
	2,2,2,2,2,2,2,2,0,0,2,2,2,2,2,2,
	2,2,2,2,2,2,2,2,2,2,0,0,0,0,0,0,
	0,0,0,0,0,0,0,0,0,0,18,18,18,18,18,18,
	18,0,0,0,0,0,0,0,0,0,18,18,18,18,18,0,
	0,0,0,0,2,0,2,2,2,2,2,2,2,2,2,0,
	2,2,2,2,2,2,2,0,2,2,2,2,2,0,2,0,
	2,2,0,2,2,0,2,2,2,2,2,2,2,2,2,2,
	2,2,2,2,2,2,0,0,0,0,0,0,0,0,0,0,
	0,0,0,0,0,0,2,2,2,2,2,2,2,2,2,2,
	2,2,2,2,2,2,0,0,0,0,0,0,0,0,0,0,
	0,0,0,0,0,0,2,2,2,2,2,2,2,2,2,2,
	2,2,2,2,2,2,0,0,2,2,2,2,2,2,2,2,
	2,2,2,2,2,2,2,2,0,0,0,0,0,0,0,0,
	0,0,0,0,0,0,0,0,2,2,2,2,2,2,2,2,
	2,2,2,2,0,0,0,0,0,0,0,0,0,0,0,0,
	0,0,0,0,2,2,2,2,2,0,2,2,2,2,2,2,
	2,2,2,2,2,2,2,2,2,2,0,0,1,0,0,0,
	0,0,0,0,0,0,0,0,0,0,0,0,0,4,4,4,
	4,4,4,4,4,4,4,0,0,0,0,0,0,42,42,42,
	42,42,42,42,42,42,42,42,42,42,42,42,0,0,0,0,
	0,18,18,18,18,18,18,18,18,18,18,18,18,18,18,18,
	0,0,0,0,0,0,2,2,2,2,2,2,2,2,2,2,
	2,2,2,2,2,2,0,0,2,2,2,2,2,2,0,0,
	2,2,2,2,2,2,0,0,2,2,2,0,0,0,0,0,
	0,0,0,0,0,0,0,0,0,0,0,2,2,2,2,2,
	2,2,2,2,2,2,2,0,2,2,2,2,2,2,2,2,
	2,2,2,2,2,2,2,2,0,2,2,2,2,2,2,2,
	2,2,2,2,0,2,2,0,2,2,2,2,2,2,2,2,
	2,2,2,2,2,2,0,0,0,0,0,0,0,0,0,0,
	0,0,0,0,0,0,2,2,2,2,2,2,2,2,2,2,
	2,2,2,2,2,2,0,0,0,0,0,0,0,0,0,0,
	0,0,0,0,0,0,2,2,2,2,2,2,2,2,2,2,
	2,2,2,2,2,2,0,0,0,2,2,2,2,2,2,2,
	2,2,2,2,2,2,2,2,2,0,0,0,0,0,0,0,
	0,0,0,0,0,0,0,0,0,2,2,2,2,2,2,2,
	2,2,2,2,2,2,2,2,2,0,0,0,0,0,0,0,
	0,0,0,0,0,0,2,2,2,2,2,2,2,2,2,2,
	2,2,2,2,2,2,0,2,2,2,2,2,2,2,2,0,
	0,0,0,0,0,2,2,2,2,2,2,2,2,2,2,2,
	2,2,2,2,2,0,0,0,0,0,0,0,0,0,0,2,
	2,2,2,2,2,2,2,2,2,2,2,2,2,2,2,0,
	0,2,2,2,2,2,2,2,2,2,2,2,2,2,2,2,
	2,0,0,0,0,2,2,2,2,2,2,2,2,0,0,0,
	0,0,0,0,0,0,0,0,0,0,0,0,0,42,42,42,
	42,42,42,42,42,42,42,42,42,42,42,42,42,18,18,18,
	18,18,18,18,18,18,18,18,18,18,18,18,18,2,2,2,
	2,2,2,2,2,2,2,2,2,2,2,2,2,0,0,4,
	4,4,4,4,4,4,4,4,4,0,0,0,0,0,0,42,
	42,42,42,42,42,42,42,42,42,42,42,42,42,42,42,0,
	0,0,0,18,18,18,18,18,18,18,18,18,18,18,18,18,
	18,18,18,0,0,0,0,2,2,2,2,2,2,2,2,2,
	2,2,2,2,2,2,2,0,0,0,0,0,0,0,0,2,
	2,2,2,2,2,2,2,2,2,2,2,2,2,2,2,0,
	0,0,0,0,0,0,0,0,0,0,0,42,42,42,42,42,
	42,42,42,42,42,42,0,42,42,42,42,0,42,42,0,18,
	18,18,18,18,18,18,18,18,0,18,18,18,18,18,18,18,
	18,18,18,18,18,18,0,18,18,18,18,18,18,18,0,18,
	18,0,0,0,2,2,2,2,2,2,2,2,2,2,2,2,
	2,2,2,2,0,0,0,0,0,0,0,0,0,0,0,0,
	2,2,2,2,2,2,2,2,2,2,2,2,2,2,2,2,
	0,0,0,0,0,0,0,0,0,2,2,2,2,2,2,2,
	2,2,2,2,2,2,2,2,2,0,0,0,0,0,0,0,
	0,0,0,2,2,2,2,2,2,2,2,0,0,0,0,0,
	0,0,0,0,0,0,0,0,0,0,0,2,2,2,2,2,
	2,0,2,2,2,2,2,2,2,2,2,2,2,2,2,2,
	2,2,0,2,2,2,2,2,2,2,2,2,0,0,0,0,
	0,0,0,0,0,0,0,0,0,0,0,0,2,2,2,2,
	2,2,0,0,2,0,2,2,2,2,2,2,2,2,2,2,
	2,2,2,2,2,2,0,2,2,0,0,0,2,0,0,2,
	2,2,2,2,2,2,2,2,2,2,2,2,2,2,2,0,
	0,0,0,0,0,0,0,0,0,2,2,2,2,2,2,2,
	2,2,2,2,2,2,2,2,2,0,0,0,0,0,0,0,
	0,0,2,2,2,2,2,2,2,2,2,2,2,2,2,2,
	2,2,0,0,0,0,0,0,0,0,0,0,0,0,0,0,
	0,0,2,2,2,2,2,2,2,2,2,2,2,2,2,2,
	2,2,0,2,2,0,0,0,0,0,0,0,0,0,0,2,
	2,2,2,2,2,2,2,2,2,2,2,2,2,2,2,0,
	0,0,0,0,0,0,0,0,0,2,2,2,2,2,2,2,
	2,2,2,2,2,2,2,2,2,0,0,0,0,0,0,2,
	2,2,2,2,2,2,2,2,2,2,2,2,2,2,2,0,
	0,0,0,0,0,0,0,0,0,0,0,0,0,0,0,2,
	2,2,2,2,2,2,2,2,2,2,2,2,2,2,2,0,
	0,0,0,0,0,2,2,0,0,0,0,0,0,0,0,0,
	0,0,0,0,0,0,0,2,0,0,0,0,0,0,0,0,
	0,0,0,0,0,0,0,2,2,2,2,0,2,2,2,0,
	2,2,2,2,2,2,2,2,2,2,2,2,2,2,2,2,
	0,0,0,0,0,0,0,0,0,0,0,0,0,0,0,0,
	2,2,2,2,2,2,2,2,2,2,2,2,2,2,2,2,
	0,0,0,2,2,2,2,2,2,2,2,2,2,2,2,2,
	2,2,2,0,0,0,0,0,0,0,0,0,0,0,0,0,
	0,0,0,2,2,2,2,2,2,2,2,0,2,2,2,2,
	2,2,2,2,2,2,2,2,2,2,2,2,0,0,0,0,
	0,0,0,0,0,0,0,0,0,0,0,0,2,2,2,2,
	2,2,2,2,2,2,2,2,2,2,2,2,0,0,0,0,
	0,0,0,0,0,0,2,2,2,2,2,2,2,2,2,2,
	2,2,2,2,2,2,0,0,0,0,0,0,0,0,0,0,
	2,2,2,2,2,2,2,2,2,2,2,2,2,2,2,2,
	0,0,0,0,0,0,0,0,0,0,0,0,0,2,2,2,
	2,2,2,2,2,2,2,2,2,2,2,2,2,0,0,0,
	0,0,0,0,0,0,0,0,0,0,0,0,0,2,2,2,
	2,2,2,2,2,2,2,2,2,2,2,2,2,0,0,0,
	0,0,0,0,0,0,0,0,0,0,0,0,0,42,42,42,
	42,42,42,42,42,42,42,42,42,42,42,42,42,0,0,0,
	0,0,0,0,0,0,0,0,0,0,18,18,18,18,18,18,
	18,18,18,18,18,18,18,18,18,18,0,0,0,0,0,0,
	0,0,0,0,0,0,0,2,2,2,2,2,2,2,2,2,
	2,2,2,2,2,2,2,0,0,0,0,0,0,0,0,0,
	0,0,0,4,4,4,4,4,4,4,4,4,4,0,0,0,
	0,0,0,4,4,4,4,4,4,4,4,4,4,2,2,2,
	2,2,2,42,42,42,42,42,42,42,42,42,42,42,42,42,
	42,42,42,0,0,0,0,0,0,0,0,0,2,18,18,18,
	18,18,18,18,18,18,18,18,18,18,18,18,18,0,0,0,
	0,0,0,0,0,0,0,0,0,0,0,0,0,2,2,2,
	2,2,2,2,2,2,2,2,2,2,2,2,2,0,0,0,
	0,0,0,0,0,0,0,0,0,0,0,2,2,2,2,2,
	2,0,0,0,0,0,0,0,0,0,0,0,0,0,0,0,
	0,2,2,2,2,2,2,2,2,2,2,2,2,2,2,2,
	2,0,0,0,0,0,0,0,2,0,0,0,0,0,0,0,
	0,2,2,2,2,2,2,2,2,2,2,2,2,2,2,2,
	2,0,0,0,0,0,0,0,0,0,0,0,0,0,0,0,
	0,2,2,2,2,2,2,2,2,2,2,2,2,2,2,2,
	2,0,0,0,0,0,0,0,0,0,0,0,0,0,0,0,
	0,2,2,2,2,2,2,2,2,2,2,2,2,2,2,2,
	2,0,0,0,0,0,0,0,0,0,0,0,0,0,0,0,
	0,2,2,2,2,2,2,2,2,2,2,2,2,2,2,2,
	2,0,0,0,0,0,0,0,0,0,2,2,2,2,2,2,
	2,2,2,2,2,2,2,2,2,2,0,0,0,0,0,0,
	0,0,0,0,0,0,0,0,0,0,4,4,4,4,4,4,
	4,4,4,4,0,2,2,0,0,2,0,0,0,0,0,0,
	0,0,0,0,2,2,2,2,2,2,2,2,2,2,2,2,
	2,2,2,2,0,0,0,0,0,0,0,0,0,0,0,0,
	0,0,0,0,2,2,2,2,2,2,2,2,2,2,2,2,
	2,2,2,2,0,0,0,0,0,0,0,4,4,4,4,4,
	4,4,4,4,4,0,0,0,0,0,0,2,2,2,2,2,
	2,2,2,2,2,2,2,2,2,2,2,0,0,0,0,0,
	0,0,0,0,4,4,4,4,4,4,4,4,4,4,0,0,
	0,0,2,0,0,2,0,0,0,0,0,0,0,0,2,2,
	2,2,2,2,2,2,2,2,2,2,2,2,2,2,0,0,
	0,2,0,0,0,0,0,0,0,0,0,2,2,2,2,2,
	2,2,2,2,2,2,2,2,2,2,2,0,0,0,0,0,
	0,0,0,0,0,0,0,0,2,2,2,2,0,0,0,0,
	0,0,0,0,0,0,0,4,4,4,4,4,4,4,4,4,
	4,2,0,2,0,0,0,0,0,0,0,0,0,0,0,0,
	0,0,0,0,2,2,2,2,2,2,2,2,2,2,2,2,
	2,2,2,2,0,2,2,2,2,2,2,2,2,2,2,2,
	2,2,0,0,0,0,0,0,0,0,0,0,0,0,0,0,
	0,2,0,0,0,0,0,0,0,0,0,0,0,0,0,0,
	0,0,2,2,2,2,2,2,2,0,2,0,2,2,2,2,
	0,2,2,2,2,2,2,2,2,2,2,2,2,2,2,0,
	2,2,2,2,2,2,2,2,2,0,0,0,0,0,0,0,
	2,2,2,2,2,2,2,2,2,2,2,2,2,2,2,2,
	0,0,0,0,0,0,0,0,0,0,0,0,0,0,0,0,
	4,4,4,4,4,4,4,4,4,4,0,0,0,0,0,0,
	2,2,2,2,2,2,2,2,0,0,2,2,2,2,2,2,
	2,2,2,2,2,2,2,0,2,2,2,2,2,2,0,2,
	2,0,2,2,2,2,2,0,0,0,2,0,0,0,0,0,
	0,0,0,0,0,0,0,0,0,0,0,2,0,0,0,0,
	0,0,0,0,0,0,0,0,2,2,2,0,0,0,0,0,
	0,0,0,0,0,0,0,0,0,0,0,2,2,2,2,2,
	2,2,2,2,2,0,2,0,0,2,0,2,2,2,2,2,
	2,2,2,2,2,2,2,2,2,2,2,0,2,0,0,0,
	0,0,0,0,0,0,0,0,0,0,0,0,0,2,0,2,
	0,0,0,0,0,0,0,0,0,0,0,0,0,0,0,0,
	2,2,2,2,2,2,2,2,2,2,2,2,2,2,2,2,
	0,0,0,0,0,0,0,0,0,0,0,2,2,2,2,0,
	0,0,0,0,4,4,4,4,4,4,4,4,4,4,0,0,
	0,0,0,2,2,0,0,0,0,0,0,0,0,0,0,0,
	0,0,0,0,0,2,2,2,2,2,2,2,2,2,2,2,
	2,2,2,2,2,0,0,0,0,0,0,0,0,0,0,0,
	0,0,0,0,0,2,2,0,2,0,0,0,0,0,0,0,
	0,4,4,4,4,4,4,4,4,4,4,0,0,0,0,0,
	0,0,0,0,0,0,0,0,0,0,0,2,2,2,2,2,
	2,2,2,2,2,2,2,2,2,2,2,0,0,0,0,0,
	0,0,0,0,0,0,0,0,0,0,0,2,2,2,2,0,
	0,0,0,0,0,0,0,0,0,0,0,0,0,0,0,2,
	2,2,2,2,2,2,2,2,2,2,2,2,2,2,2,0,
	0,0,0,0,0,0,0,0,0,0,0,0,0,0,0,2,
	0,0,0,0,0,0,0,0,0,0,0,4,4,4,4,4,
	4,4,4,4,4,0,0,0,0,0,0,0,0,0,0,0,
	0,0,0,0,0,2,2,2,2,2,2,2,2,2,2,2,
	2,2,2,2,2,0,0,0,0,0,0,0,0,2,0,0,
	0,0,0,0,0,4,4,4,4,4,4,4,4,4,4,0,
	0,0,0,0,0,4,4,4,4,4,4,4,4,4,4,4,
	4,4,4,4,4,0,0,0,0,0,0,0,0,0,0,0,
	0,0,0,0,0,2,2,2,2,2,2,2,2,2,2,2,
	2,2,2,2,2,0,0,0,0,0,0,0,0,0,0,0,
	0,0,0,0,0,4,4,4,4,4,4,4,4,4,4,0,
	0,0,0,0,0,2,2,2,2,2,2,2,0,0,0,0,
	0,0,0,0,0,0,0,0,0,0,0,0,2,2,2,2,
	2,2,2,2,2,2,2,2,2,2,2,2,0,0,0,0,
	0,0,0,0,0,0,0,0,0,0,0,0,42,42,42,42,
	42,42,42,42,42,42,42,42,42,42,42,42,18,18,18,18,
	18,18,18,18,18,18,18,18,18,18,18,18,4,4,4,4,
	4,4,4,4,4,4,0,0,0,0,0,0,0,0,0,0,
	0,0,0,0,0,2,2,2,2,2,2,2,0,0,2,0,
	0,2,2,2,2,0,2,2,0,2,2,2,2,2,2,2,
	2,2,2,2,2,2,2,2,2,0,0,0,0,0,0,0,
	0,0,0,0,0,0,0,0,2,0,0,0,0,0,0,0,
	0,0,0,0,0,0,0,4,4,4,4,4,4,4,4,4,
	4,0,0,0,0,0,0,0,0,0,0,0,0,0,0,0,
	0,2,2,2,2,2,2,2,2,0,0,2,2,2,2,2,
	2,2,2,2,2,2,2,2,2,2,2,0,0,0,0,0,
	0,0,0,0,0,0,0,0,0,0,2,0,2,0,0,0,
	0,0,0,0,0,0,0,0,0,0,0,0,0,2,0,0,
	0,0,0,0,0,0,0,0,2,2,2,2,2,2,2,2,
	2,2,2,2,2,2,2,2,0,0,0,0,0,0,0,2,
	0,0,0,0,0,0,0,0,0,0,0,0,0,0,0,0,
	2,0,0,0,0,0,0,0,0,0,0,0,2,2,2,2,
	2,2,2,2,2,2,2,2,2,2,2,2,0,0,0,0,
	0,0,0,0,0,0,0,0,0,2,0,0,0,0,0,0,
	0,0,0,0,0,0,0,0,0,0,2,2,2,2,2,2,
	2,2,2,2,2,2,2,2,2,2,0,0,0,0,0,0,
	0,0,0,0,0,0,0,0,0,0,2,2,2,2,2,2,
	2,2,2,2,2,2,2,2,2,2,0,0,0,0,0,0,
	0,0,0,0,0,0,0,0,0,4,4,4,4,4,4,4,
	4,4,4,0,0,0,0,0,0,2,2,2,2,2,2,2,
	2,2,0,2,2,2,2,2,2,2,2,2,2,2,2,2,
	2,2,2,0,0,0,0,0,0,0,0,0,0,0,0,0,
	0,0,0,2,0,0,0,0,0,0,0,0,0,0,0,0,
	0,0,0,4,4,4,4,4,4,4,4,4,4,0,0,0,
	0,0,0,0,0,0,0,0,0,0,0,0,0,2,2,2,
	2,2,2,2,2,2,2,2,2,2,2,2,2,0,0,0,
	0,0,0,0,0,0,0,0,0,0,0,0,0,2,2,2,
	2,2,2,2,0,2,2,0,2,2,2,2,2,2,2,2,
	2,2,2,2,2,2,2,2,0,0,0,0,0,0,0,0,
	0,0,0,0,0,0,0,2,0,0,0,0,0,0,0,0,
	0,4,4,4,4,4,4,4,4,4,4,0,0,0,0,0,
	0,2,2,2,2,2,2,0,2,2,0,2,2,2,2,2,
	2,2,2,2,2,2,2,2,2,2,2,0,0,0,0,0,
	0,0,0,2,0,0,0,0,0,0,0,4,4,4,4,4,
	4,4,4,4,4,0,0,0,0,0,0,2,2,2,2,2,
	2,2,2,2,2,2,2,2,2,2,2,0,0,0,0,4,
	4,4,4,4,4,4,4,4,4,0,0,0,0,0,0,0,
	0,0,0,0,0,0,0,0,0,2,2,2,2,2,2,2,
	2,2,2,2,2,2,2,2,2,0,0,0,0,0,0,0,
	0,0,0,0,0,0,2,0,2,2,2,2,2,2,2,2,
	2,2,2,2,2,2,2,2,0,0,0,0,0,0,0,0,
	0,0,0,0,0,0,0,0,4,4,4,4,4,4,4,4,
	4,4,0,0,0,0,0,0,0,0,0,0,0,0,0,0,
	0,0,2,0,0,0,0,0,0,0,0,0,0,0,0,0,
	0,0,0,2,2,2,2,2,2,2,2,2,2,2,2,2,
	2,2,2,0,0,0,0,0,0,0,0,0,0,0,0,0,
	0,0,0,2,2,2,2,2,2,2,2,2,2,2,2,2,
	2,2,2,0,0,0,0,0,0,0,0,0,0,0,0,0,
	0,0,0,2,2,2,2,2,2,2,2,2,2,2,2,2,
	2,2,2,0,0,0,0,0,0,0,0,0,0,0,0,0,
	0,0,2,2,2,2,2,2,2,2,2,2,2,2,2,2,
	2,2,0,0,0,0,0,0,0,0,0,0,0,0,0,0,
	0,0,2,2,2,2,2,2,0,0,0,0,0,0,0,0,
	0,0,0,0,0,0,0,0,2,2,2,2,2,2,2,2,
	2,2,2,2,2,2,2,2,0,0,0,0,0,2,2,2,
	2,2,2,2,2,2,2,2,2,2,2,2,2,0,0,0,
	0,0,0,0,0,0,0,0,0,0,0,0,0,2,2,2,
	2,2,2,2,2,2,2,2,2,2,2,2,2,0,0,0,
	0,0,0,0,0,0,0,0,0,0,0,0,0,4,4,4,
	4,4,4,4,4,4,4,0,0,0,0,0,0,0,0,0,
	0,0,0,0,0,0,0,2,2,2,2,2,2,2,2,2,
	2,2,2,2,2,2,2,0,0,0,0,0,0,0,2,2,
	2,2,2,2,2,2,2,2,2,2,2,2,2,2,0,4,
	4,4,4,4,4,4,4,4,4,0,0,0,0,0,0,2,
	2,2,2,2,2,2,2,2,2,2,2,2,2,2,2,0,
	4,4,4,4,4,4,4,4,4,4,0,0,0,0,0,0,
	2,2,2,2,2,2,2,2,2,2,2,2,2,2,2,2,
	0,0,0,0,0,0,0,0,0,0,0,0,0,0,0,0,
	2,2,2,2,2,2,2,2,2,2,2,2,2,2,2,2,
	0,0,0,0,0,0,0,0,0,0,0,0,0,0,0,0,
	2,2,2,2,0,0,0,0,0,0,0,0,0,0,0,0,
	4,4,4,4,4,4,4,4,4,4,0,0,0,0,0,0,
	2,2,2,2,2,2,2,2,2,2,2,2,2,0,0,0,
	0,0,2,2,2,2,2,2,2,2,2,2,2,2,2,2,
	2,2,0,0,0,0,0,0,0,0,0,0,0,0,0,0,
	0,0,2,2,2,2,2,2,2,2,2,2,2,2,2,2,
	2,2,0,0,0,4,4,4,4,4,4,4,4,4,4,0,
	0,0,0,0,0,0,0,0,0,0,0,0,0,0,0,42,
	42,42,42,42,42,42,42,42,42,42,42,42,42,42,42,18,
	18,18,18,18,18,18,18,18,18,18,18,18,18,18,18,0,
	0,0,0,0,0,0,0,0,0,0,0,0,0,0,0,42,
	42,42,42,42,42,42,42,42,42,42,42,42,42,42,42,0,
	0,18,18,18,18,18,18,18,18,18,18,18,18,18,18,18,
	18,0,0,0,0,0,0,0,0,0,0,0,0,0,0,0,
	0,2,2,2,2,2,2,2,2,2,2,2,2,2,2,2,
	2,0,0,0,0,0,0,0,0,0,0,0,0,0,0,0,
	0,2,2,2,2,2,2,2,2,2,2,2,2,2,0,0,
	0,0,0,0,0,0,0,0,0,0,0,0,0,0,2,2,
	0,2,0,0,0,0,0,0,0,0,0,0,0,0,2,2,
	0,0,0,0,0,0,0,0,0,0,0,0,2,2,2,2,
	2,2,2,2,2,2,2,2,2,2,2,2,0,0,0,0,
	0,0,0,0,0,0,0,0,0,0,0,0,2,2,2,2,
	2,2,2,2,2,2,2,2,2,2,2,2,0,0,0,0,
	0,0,0,0,0,0,0,0,0,0,0,0,2,2,2,2,
	2,2,2,2,2,2,2,2,2,2,2,2,0,0,0,0,
	0,0,0,0,0,0,0,0,0,0,0,0,2,2,2,2,
	0,2,2,2,2,2,2,2,0,2,2,0,2,2,2,2,
	2,2,2,2,2,2,2,2,2,2,2,2,0,0,0,0,
	0,0,0,0,0,0,0,0,0,2,0,0,0,0,0,0,
	0,0,0,0,0,0,0,0,0,0,2,2,2,0,0,2,
	0,0,0,0,0,0,0,0,0,0,2,2,2,2,0,0,
	0,0,0,0,0,0,2,2,2,2,2,2,2,2,2,2,
	2,2,2,2,2,2,0,0,0,0,0,0,0,0,0,0,
	0,0,0,0,0,0,2,2,2,2,2,2,2,2,2,2,
	2,2,2,2,2,2,0,0,0,0,0,2,2,2,2,2,
	2,2,2,2,2,2,2,2,0,0,0,0,0,0,0,2,
	2,2,2,2,2,2,2,2,2,0,0,0,0,0,0,0,
	0,0,0,0,0,0,0,0,0,4,4,4,4,4,4,4,
	4,4,4,0,0,0,0,0,0,0,0,0,0,0,0,0,
	0,0,0,10,10,10,10,10,10,10,10,10,10,10,10,10,
	10,10,10,18,18,18,18,18,18,18,18,18,18,18,18,18,
	18,18,18,10,10,10,10,10,10,10,10,10,10,10,10,10,
	10,18,18,18,18,18,0,18,18,18,18,18,18,18,18,18,
	18,10,10,10,10,10,10,10,10,10,10,10,10,10,10,10,
	10,18,18,18,18,18,18,18,18,18,18,18,18,18,18,10,
	0,10,10,0,0,10,0,0,10,10,0,0,10,10,10,10,
	0,10,10,10,10,10,10,18,18,18,18,0,18,0,18,18,
	18,18,0,18,18,18,18,18,18,18,18,18,18,18,10,10,
	10,10,10,10,10,10,10,10,10,10,10,10,10,10,18,18,
	18,18,18,18,18,18,18,18,18,18,18,18,18,18,10,10,
	0,10,10,10,10,0,0,10,10,10,10,10,0,10,10,10,
	10,10,10,10,0,18,18,18,18,18,18,18,18,18,18,18,
	18,18,18,18,18,10,10,0,10,10,10,10,0,10,10,10,
	10,10,0,10,0,0,0,10,10,10,10,10,10,0,18,18,
	18,18,18,18,18,18,18,18,18,18,18,18,10,10,10,10,
	10,10,10,10,10,10,10,10,10,10,10,10,18,18,18,18,
	18,18,18,18,18,18,18,18,18,18,18,18,10,10,10,10,
	10,10,10,10,10,10,10,10,10,10,10,10,18,18,18,18,
	18,18,18,18,18,18,18,18,18,18,18,18,10,10,10,10,
	10,10,10,10,10,10,10,10,10,10,18,18,18,18,18,18,
	18,18,18,18,18,18,18,18,18,18,10,10,10,10,10,10,
	10,10,10,10,10,10,10,10,10,10,18,18,18,18,18,18,
	18,18,18,18,18,18,18,18,10,10,10,10,10,10,10,10,
	10,10,10,10,10,10,10,10,18,18,18,18,18,18,18,18,
	18,18,18,18,18,18,18,18,10,10,10,10,10,10,10,10,
	10,10,10,10,10,10,10,10,18,18,18,18,18,18,18,18,
	18,18,18,18,18,18,18,18,0,0,10,10,10,10,10,10,
	10,10,10,10,10,10,10,10,10,10,0,18,18,18,18,18,
	18,18,18,18,18,18,18,18,18,0,18,18,18,18,10,10,
	10,10,10,10,10,10,10,10,10,10,10,10,0,18,18,18,
	18,18,18,18,18,18,18,18,18,18,18,18,18,0,18,18,
	18,18,18,18,10,10,10,10,10,10,10,10,10,10,10,10,
	10,10,10,10,0,18,18,18,18,18,18,18,18,18,18,18,
	18,18,18,18,0,18,18,18,18,18,18,10,10,10,10,10,
	10,10,10,10,10,10,10,10,10,10,0,18,18,18,18,18,
	18,18,18,18,18,18,18,18,18,18,18,0,18,18,18,18,
	18,18,10,10,10,10,10,10,10,10,10,10,10,10,10,10,
	10,10,0,18,18,18,18,18,18,18,18,18,18,18,18,18,
	18,18,18,0,18,18,18,18,18,18,10,18,0,0,4,4,
	4,4,4,4,4,4,4,4,4,4,4,4,4,4,0,0,
	0,0,0,0,0,0,0,0,0,0,0,0,0,0,18,18,
	18,18,18,18,18,18,18,18,2,18,18,18,18,18,18,18,
	18,18,18,18,18,18,18,18,0,0,0,0,0,18,18,18,
	18,18,18,0,0,0,0,0,0,0,0,0,0,0,0,0,
	0,0,0,2,2,2,2,2,2,2,2,2,2,2,2,2,
	2,2,2,0,0,0,0,0,0,0,0,0,0,0,0,0,
	0,0,0,2,2,2,2,2,2,2,2,2,2,2,2,2,
	2,2,2,0,0,0,0,0,0,0,2,2,2,2,2,2,
	2,0,0,4,4,4,4,4,4,4,4,4,4,0,0,0,
	0,2,0,0,0,0,0,0,0,0,0,0,0,0,0,0,
	0,0,2,2,2,2,2,2,2,2,2,2,2,2,2,2,
	2,2,0,0,0,0,0,0,0,0,0,0,0,0,0,0,
	0,0,2,2,2,2,2,2,2,2,2,2,2,2,2,2,
	2,2,0,0,0,0,4,4,4,4,4,4,4,4,4,4,
	0,0,0,0,0,0,0,0,0,0,0,0,0,0,0,0,
	2,2,2,2,2,2,2,2,2,2,2,2,2,2,2,2,
	0,0,0,0,4,4,4,4,4,4,4,4,4,4,0,0,
	0,0,0,0,0,0,0,0,0,0,0,0,0,0,2,2,
	2,2,2,2,2,2,2,2,2,2,2,2,2,2,0,0,
	2,4,4,4,4,4,4,4,4,4,4,0,0,0,0,0,
	0,0,0,0,0,0,0,0,0,0,0,2,2,2,2,2,
	2,2,2,2,2,2,2,2,2,2,2,0,2,2,0,2,
	2,2,2,2,2,2,0,0,0,0,0,0,0,0,0,2,
	2,0,0,0,0,0,0,0,0,0,0,0,0,0,0,0,
	0,2,2,2,2,2,2,2,0,2,2,2,2,0,2,2,
	0,2,2,2,2,2,2,2,2,2,2,2,2,2,2,2,
	0,2,2,2,2,2,2,2,2,2,2,2,2,2,2,2,
	2,0,0,0,0,0,0,0,0,0,0,0,0,0,0,0,
	0,42,42,42,42,42,42,42,42,42,42,42,42,42,42,42,
	42,18,18,18,18,18,18,18,18,18,18,18,18,18,18,18,
	18,0,0,0,0,0,0,0,2,0,0,0,0,4,4,4,
	4,4,4,4,4,4,4,0,0,0,0,0,0,0,0,0,
	0,0,0,0,0,0,0,2,2,2,2,0,2,2,2,2,
	2,2,2,2,2,2,2,2,2,2,2,2,0,2,2,0,
	2,0,0,2,0,2,2,2,2,2,2,2,0,2,2,2,
	2,0,2,0,2,0,0,0,0,2,0,0,0,0,2,0,
	2,0,2,0,2,2,2,0,2,2,0,2,0,0,2,0,
	2,0,2,0,2,0,2,2,0,2,0,0,2,2,2,2,
	0,2,2,2,2,0,2,2,2,2,0,2,0,2,2,2,
	2,2,2,2,2,2,2,0,2,2,2,2,2,2,2,2,
	2,2,2,2,0,0,0,0,2,2,2,0,2,2,2,2,
	2,0,2,2,2,2,2,2,2,2,2,2,2,2,0,0,
	0,0,0,0,0,0,0,0,0,0,0,0,0,0,4,4,
	4,4,4,4,4,4,4,4,0,0,0,0,0,0,0,0,
	0,0,0,0,0,0,0,0,2,2,2,2,2,2,2,2,
	2,2,2,2,2,2,2,2,0,0,0,0,0,0,0,0,
	0,0,0,0,0,0,0,0,2,2,2,2,2,2,2,2,
	2,2,2,2,2,2,2,2,0,0,2,2,2,2,2,2,
	2,2,2,2,2,2,2,2,2,2,0,0,2,2,2,2,
	2,2,2,2,2,2,2,2,2,2,2,2,0,0,0,0,
	0,0,0,0,0,0,0,0,0,0,0,2,2,2,2,2,
	2,2,2,2,2,2,2,2,2,2,2,0,0,0,0,0,
	0,0,0,0,0,0,0,0,0,0,0,2,2,2,2,2,
	2,2,2,2,2,2,2,2,2,2,2,0,0,0,0,0,
	0,0,0,0,0,0,0,0,0,0,0,2,2,2,2,2,
	2,2,2,2,2,2,2,2,2,2,2,0,0,0,0,0,
	2,2,2,2,2,2,2,2,2,2,2,2,2,2,2,2,
	0,0,0,0,0,0,0,0,0,0,0,0,0,0,0,0,
	
};
static
ushort	_mergedidx2[3866] =
{
	0,14,30,46,61,66,81,86,97,103,119,130,146,155,170,179,
	195,195,195,211,219,229,229,237,252,266,279,292,308,320,334,349,
	357,357,357,369,384,399,399,399,399,411,417,433,447,461,477,492,
	492,492,492,492,492,492,492,508,524,540,554,566,567,583,591,606,
	619,619,619,635,635,635,651,651,665,675,675,675,691,707,707,707,
	707,707,707,723,724,733,749,749,756,765,765,765,765,781,786,801,
	804,804,820,820,825,836,852,865,866,866,866,866,866,878,889,905,
	921,937,939,955,958,971,971,971,971,971,981,996,1012,1022,1027,1039,
	1055,1065,1077,1086,1102,1109,1125,1141,1149,1165,1181,1181,1187,1197,1197,1197,
	1209,1213,1213,1219,1233,1249,1263,1279,1294,1306,1313,1328,1342,1357,1372,1388,
	1401,1416,1423,1438,1448,1455,1470,1486,1497,1509,1516,1531,1545,1561,1577,1593,
	1604,1616,1623,1638,1652,1656,1671,1687,1700,1715,1731,1745,1755,1771,1781,1797,
	1808,1820,1827,1837,1851,1859,1871,1887,1903,1915,1922,1934,1948,1952,1965,1981,
	1993,2005,2007,2012,2026,2041,2056,2072,2077,2086,2096,2110,2126,2133,2143,2159,
	2174,2175,2175,2190,2206,2222,2232,2232,2247,2259,2271,2286,2302,2318,2334,2334,
	2350,2351,2367,2377,2393,2402,2405,2418,2426,2439,2439,2439,2439,2439,2439,2439,
	2455,2455,2460,2471,2487,2503,2518,2533,2547,2563,2579,2579,2589,2605,2605,2610,
	2626,2626,2626,2626,2626,2626,2626,2626,2626,2626,2626,2626,2626,2626,2626,2626,
	2626,2626,2626,2626,2633,2649,2665,2665,2672,2688,2688,2703,2717,2726,2734,2734,
	2734,2749,2757,2757,2757,2762,2773,2773,2789,2805,2821,2821,2821,2821,2821,2831,
	2846,2847,2847,2847,2847,2847,2847,2847,2847,2847,2847,2847,2847,2847,2847,2847,
	2847,2847,2847,2847,2847,2847,2847,2847,2847,2847,2847,2847,2847,2847,2847,2847,
	2847,2847,2847,2847,2847,2847,2850,2865,2881,2886,2902,2902,2902,2902,2907,2922,
	2938,2952,2967,2981,2997,3011,3027,3042,3058,3058,3058,3070,3074,3083,3099,3109,
	3125,3141,3141,3141,3141,3141,3148,3164,3171,3178,3194,3194,3194,3194,3204,3220,
	3221,3236,3236,3246,3262,3264,3273,3289,3289,3293,3309,3315,3331,3341,3341,3357,
	3366,3382,3382,3382,3393,3398,3398,3414,3414,3424,3432,3432,3432,3432,3432,3443,
	3448,3448,3460,3471,3487,3497,3497,3510,3513,3528,3544,3554,3554,3564,3570,3586,
	3586,3598,3602,3618,3634,3644,3646,3662,3678,3678,3683,3699,3699,3706,3715,3731,
	3731,3735,3747,3747,3747,3752,3763,3772,3777,3788,3788,3804,3804,3804,3804,3820,
	3820,3820,3820,3820,3820,3820,3820,3820,3830,3846,3846,3846,3846,3846,3846,3861,
	3877,3893,3893,3909,3925,3941,3957,3973,3973,3973,3989,4004,4020,4036,4050,4066,
	4077,4085,4101,4101,4102,4118,4133,4149,4165,4178,4178,4178,4178,4178,4178,4192,
	4208,4222,4238,4254,4269,4285,4301,4317,4322,4322,4322,4322,4322,4322,4322,4322,
	4322,4322,4322,4322,4322,4322,4322,4322,4322,4322,4322,4322,4322,4322,4322,4322,
	4322,4322,4322,4322,4322,4322,4322,4322,4322,4322,4322,4322,4322,4322,4322,4332,
	4338,4354,4360,4370,4370,4370,4370,4370,4370,4370,4370,4370,4370,4370,4370,4370,
	4370,4370,4370,4370,4370,4370,4370,4370,4370,4370,4370,4370,4370,4370,4370,4370,
	4370,4370,4370,4370,4370,4370,4370,4370,4370,4370,4370,4370,4370,4370,4370,4370,
	4370,4370,4370,4370,4370,4370,4370,4370,4370,4370,4370,4370,4370,4370,4370,4370,
	4370,4370,4370,4386,4386,4386,4402,4402,4402,4418,4433,4448,4448,4448,4448,4448,
	4448,4460,4475,4491,4491,4501,4517,4517,4517,4525,4541,4557,4566,4582,4582,4582,
	4582,4597,4597,4597,4597,4598,4614,4614,4614,4614,4614,4614,4614,4614,4614,4614,
	4614,4614,4614,4614,4614,4614,4614,4614,4614,4614,4614,4614,4614,4614,4614,4614,
	4614,4614,4614,4630,4637,4637,4652,4667,4668,4668,4668,4668,4677,4689,4690,4690,
	4690,4690,4695,4711,4716,4716,4732,4733,4733,4733,4733,4734,4749,4765,4765,4781,
	4781,4781,4797,4813,4813,4813,4813,4813,4813,4813,4813,4813,4813,4813,4813,4813,
	4813,4813,4813,4813,4813,4813,4813,4813,4813,4813,4813,4813,4813,4813,4813,4813,
	4813,4813,4813,4829,4829,4829,4829,4829,4829,4829,4829,4829,4829,4829,4829,4829,
	4829,4829,4829,4829,4829,4829,4829,4829,4829,4829,4829,4829,4829,4829,4829,4829,
	4829,4829,4829,4829,4829,4829,4829,4829,4829,4829,4829,4829,4829,4829,4829,4829,
	4829,4829,4829,4829,4829,4829,4829,4829,4829,4829,4829,4829,4829,4829,4829,4829,
	4829,4829,4829,4845,4845,4845,4845,4861,4861,4861,4861,4861,4861,4861,4861,4861,
	4861,4861,4861,4861,4861,4861,4861,4861,4861,4861,4861,4861,4861,4861,4861,4861,
	4861,4861,4861,4861,4861,4861,4861,4861,4861,4861,4861,4861,4861,4861,4861,4861,
	4861,4861,4861,4861,4861,4861,4861,4861,4861,4861,4861,4861,4861,4861,4861,4861,
	4861,4861,4861,4861,4861,4861,4861,4864,4877,4877,4877,4877,4893,4893,4895,4911,
	4911,4911,4911,4911,4911,4911,4911,4911,4911,4911,4911,4911,4911,4911,4911,4914,
	4930,4946,4958,4974,4974,4976,4991,5007,5011,5027,5027,5027,5027,5037,5043,5043,
	5052,5068,5083,5085,5085,5085,5101,5115,5131,5137,5147,5159,5171,5184,5199,5213,
	5225,5238,5241,5257,5257,5257,5269,5283,5285,5285,5297,5301,5317,5327,5341,5357,
	5367,5377,5393,5402,5409,5425,5428,5441,5445,5445,5458,5461,5477,5493,5509,5525,
	5525,5532,5541,5557,5573,5589,5598,5612,5612,5612,5628,5644,5649,5665,5679,5694,
	5702,5718,5734,5734,5739,5755,5771,5771,5771,5771,5771,5787,5787,5800,5816,5832,
	5832,5832,5832,5832,5832,5832,5832,5832,5832,5832,5832,5832,5832,5832,5832,5832,
	5832,5832,5832,5832,5832,5832,5832,5832,5832,5832,5832,5832,5832,5832,5832,5832,
	5832,5832,5832,5832,5832,5832,5832,5832,5832,5832,5832,5832,5832,5832,5832,5832,
	5832,5832,5832,5832,5832,5832,5832,5832,5832,5832,5832,5832,5832,5832,5832,5844,
	5860,5869,5880,5880,5884,5896,5896,5896,5896,5896,5896,5896,5896,5896,5896,5896,
	5896,5896,5896,5896,5896,5896,5896,5896,5896,5896,5896,5896,5896,5896,5896,5896,
	5896,5896,5896,5896,5896,5896,5896,5896,5896,5896,5896,5896,5896,5896,5896,5896,
	5896,5896,5896,5896,5896,5896,5896,5896,5896,5896,5896,5896,5896,5896,5896,5896,
	5896,5896,5896,5896,5896,5912,5912,5912,5912,5912,5912,5912,5912,5912,5912,5912,
	5912,5912,5912,5912,5912,5912,5912,5912,5912,5912,5912,5914,5930,5930,5930,5930,
	5930,5930,5936,5946,5946,5962,5975,5990,6000,6016,6022,6022,6022,6022,6022,6022,
	6036,6038,6051,6054,6054,6054,6054,6054,6054,6054,6054,6054,6054,6054,6054,6054,
	6054,6054,6054,6054,6054,6054,6056,6070,6086,6086,6086,6086,6102,6104,6104,6112,
	6120,6120,6136,6148,6148,6148,6148,6148,6148,6148,6164,6170,6170,6170,6170,6170,
	6170,6170,6173,6189,6205,6220,6225,6240,6245,6256,6262,6262,6262,6262,6263,6278,
	6286,6299,6299,6315,6328,6337,6345,6360,6360,6374,6374,6390,6390,6390,6390,6390,
	6390,6390,6395,6406,6406,6406,6406,6406,6406,6406,6406,6406,6406,6406,6406,6406,
	6406,6406,6406,6406,6406,6406,6406,6406,6406,6406,6406,6422,6425,6441,6441,6441,
	6456,6457,6457,6473,6473,6489,6502,6517,6533,6533,6543,6559,6561,6577,6577,6589,
	6605,6605,6605,6621,6621,6629,6637,6637,6653,6653,6653,6653,6655,6671,6687,6687,
	6699,6707,6711,6727,6727,6735,6751,6751,6751,6763,6779,6779,6792,6806,6820,6836,
	6836,6836,6848,6864,6864,6864,6864,6864,6864,6864,6864,6864,6864,6864,6864,6864,
	6864,6864,6864,6864,6864,6864,6873,6889,6899,6915,6923,6939,6946,6946,6961,6972,
	6972,6972,6972,6988,6998,6998,7008,7023,7033,7049,7058,7074,7075,7090,7090,7090,
	7090,7106,7119,7135,7145,7161,7167,7183,7189,7199,7199,7215,7215,7215,7223,7239,
	7239,7239,7239,7255,7271,7280,7290,7296,7296,7312,7315,7331,7334,7347,7347,7363,
	7372,7383,7388,7404,7404,7404,7414,7430,7440,7456,7469,7485,7499,7501,7501,7501,
	7501,7501,7501,7517,7517,7517,7517,7524,7533,7533,7533,7549,7549,7549,7562,7578,
	7578,7578,7591,7607,7607,7619,7635,7651,7667,7677,7693,7703,7709,7709,7709,7709,
	7709,7709,7709,7709,7709,7709,7709,7709,7709,7709,7709,7725,7725,7731,7739,7753,
	7761,7761,7761,7777,7780,7793,7809,7819,7825,7825,7841,7855,7857,7857,7873,7884,
	7889,7905,7914,7927,7930,7930,7938,7946,7946,7956,7972,7985,7988,7988,8004,8004,
	8020,8027,8043,8056,8059,8068,8078,8094,8110,8110,8123,8136,8139,8139,8152,8167,
	8183,8196,8196,8212,8226,8230,8242,8257,8258,8258,8258,8274,8289,8304,8320,8320,
	8321,8336,8352,8363,8375,8382,8397,8411,8427,8441,8443,8459,8475,8475,8485,8493,
	8508,8512,8512,8528,8528,8528,8539,8548,8564,8579,8581,8597,8597,8597,8613,8625,
	8641,8651,8651,8651,8651,8651,8651,8651,8651,8651,8651,8667,8667,8668,8683,8683,
	8691,8703,8703,8719,8719,8719,8735,8747,8763,8773,8773,8789,8789,8794,8805,8821,
	8837,8849,8853,8869,8874,8885,8901,8917,8924,8924,8924,8924,8924,8924,8924,8924,
	8924,8924,8924,8940,8940,8944,8956,8956,8956,8956,8956,8956,8956,8972,8972,8988,
	8988,9004,9014,9029,9041,9049,9065,9079,9095,9105,9105,9105,9105,9121,9131,9131,
	9146,9161,9165,9181,9192,9192,9205,9216,9232,9244,9244,9250,9260,9274,9290,9290,
	9290,9290,9297,9306,9306,9306,9306,9306,9306,9306,9306,9306,9306,9306,9306,9322,
	9322,9337,9353,9369,9379,9380,9395,9411,9427,9437,9451,9453,9469,9469,9469,9469,
	9469,9469,9469,9485,9496,9496,9511,9521,9537,9553,9563,9569,9579,9595,9611,9611,
	9615,9631,9641,9641,9641,9641,9641,9641,9641,9641,9641,9641,9641,9641,9641,9641,
	9641,9657,9670,9684,9686,9688,9700,9704,9720,9730,9730,9730,9730,9730,9746,9747,
	9747,9747,9747,9763,9763,9763,9763,9763,9763,9763,9763,9763,9763,9763,9763,9763,
	9763,9763,9763,9763,9763,9763,9763,9763,9763,9763,9763,9763,9763,9763,9763,9763,
	9763,9763,9763,9763,9763,9763,9763,9763,9763,9763,9763,9763,9763,9763,9763,9763,
	9763,9763,9763,9763,9763,9763,9763,9763,9763,9763,9763,9763,9769,9779,9779,9779,
	9779,9779,9779,9779,9779,9795,9795,9795,9795,9795,9795,9795,9795,9795,9795,9795,
	9795,9807,9811,9811,9811,9811,9811,9811,9811,9811,9811,9811,9811,9811,9811,9811,
	9811,9811,9811,9811,9811,9811,9811,9811,9811,9811,9811,9811,9811,9811,9811,9811,
	9811,9811,9811,9811,9811,9811,9811,9811,9811,9811,9811,9811,9811,9811,9811,9811,
	9811,9811,9811,9811,9811,9811,9811,9811,9811,9811,9811,9811,9811,9811,9811,9811,
	9811,9811,9827,9827,9827,9827,9827,9827,9842,9858,9858,9858,9858,9858,9858,9858,
	9858,9858,9858,9858,9858,9858,9858,9858,9858,9858,9858,9858,9858,9858,9858,9858,
	9858,9858,9858,9858,9858,9858,9858,9858,9858,9858,9858,9858,9858,9858,9858,9858,
	9858,9858,9858,9858,9858,9858,9858,9858,9858,9858,9858,9858,9858,9858,9858,9858,
	9858,9858,9858,9858,9858,9858,9858,9858,9858,9874,9889,9896,9912,9912,9912,9912,
	9912,9912,9912,9912,9912,9912,9912,9912,9912,9912,9912,9912,9912,9912,9912,9912,
	9912,9912,9912,9912,9912,9912,9912,9912,9912,9912,9912,9912,9912,9912,9912,9912,
	9912,9912,9912,9912,9912,9912,9912,9912,9912,9912,9912,9912,9912,9912,9912,9912,
	9912,9912,9912,9912,9912,9912,9912,9912,9912,9912,9912,9912,9917,9933,9933,9933,
	9933,9933,9933,9933,9933,9933,9933,9933,9933,9933,9933,9933,9933,9933,9933,9933,
	9933,9933,9933,9933,9933,9933,9933,9933,9933,9933,9933,9933,9933,9933,9933,9933,
	9933,9942,9949,9949,9949,9949,9949,9949,9949,9949,9949,9949,9949,9949,9949,9949,
	9949,9949,9949,9949,9949,9949,9949,9949,9949,9949,9949,9949,9949,9949,9949,9949,
	9949,9949,9949,9949,9949,9949,9949,9949,9949,9949,9949,9949,9949,9949,9949,9949,
	9949,9949,9949,9949,9949,9949,9949,9949,9949,9949,9949,9949,9949,9949,9949,9949,
	9949,9949,9965,9967,9981,9997,10007,10007,10007,10007,10007,10007,10007,10007,10007,10007,
	10007,10007,10007,10007,10007,10007,10007,10007,10007,10007,10007,10007,10007,10007,10007,10007,
	10007,10007,10007,10007,10007,10007,10007,10007,10007,10007,10007,10007,10007,10007,10007,10007,
	10007,10007,10007,10007,10007,10007,10007,10007,10007,10007,10007,10007,10007,10007,10007,10007,
	10007,10007,10007,10007,10007,10007,10023,10023,10023,10023,10023,10023,10023,10023,10023,10023,
	10023,10023,10023,10023,10023,10023,10023,10023,10023,10023,10023,10023,10023,10023,10023,10023,
	10023,10023,10023,10023,10023,10023,10023,10023,10023,10030,10046,10047,10063,10079,10079,10079,
	10079,10080,10096,10112,10114,10128,10144,10144,10144,10160,10176,10192,10205,10213,10226,10242,
	10242,10242,10242,10242,10242,10242,10242,10242,10242,10242,10242,10242,10242,10242,10242,10242,
	10242,10242,10242,10258,10258,10261,10277,10287,10287,10287,10287,10287,10287,10287,10287,10287,
	10287,10287,10287,10303,10303,10319,10319,10335,10335,10351,10358,10369,10381,10385,10385,10401,
	10401,10401,10401,10406,10416,10417,10417,10417,10430,10446,10446,10446,10446,10462,10476,10492,
	10492,10492,10492,10492,10492,10492,10492,10492,10492,10492,10492,10492,10492,10492,10492,10492,
	10492,10492,10492,10492,10492,10492,10492,10492,10492,10492,10492,10492,10492,10492,10492,10492,
	10492,10492,10492,10492,10492,10492,10492,10492,10492,10492,10492,10492,10492,10492,10492,10492,
	10492,10492,10492,10492,10492,10492,10492,10492,10492,10492,10492,10492,10492,10492,10492,10502,
	10508,10509,10524,10525,10540,10540,10540,10540,10540,10540,10556,10556,10556,10556,10556,10556,
	10556,10569,10572,10572,10572,10572,10572,10572,10572,10572,10572,10572,10572,10572,10572,10572,
	10572,10572,10572,10572,10572,10572,10572,10572,10572,10572,10572,10572,10572,10572,10572,10572,
	10572,10572,10572,10572,10572,10572,10572,10572,10572,10572,10572,10572,10572,10572,10572,10572,
	10572,10572,10572,10572,10572,10572,10572,10572,10572,10572,10572,10572,10572,10572,10572,10572,
	10572,10572,10588,10604,10604,10604,10604,10604,10604,10604,10604,10604,10604,10604,10604,10604,
	10604,10604,10604,10604,10604,10617,10631,10634,10650,10662,10678,10678,10678,10678,10678,10678,
	10678,10678,10678,10678,10678,10678,10678,10678,10678,10678,10678,10678,10678,10678,10678,10678,
	10678,10678,10682,10694,10694,10694,10694,10694,10694,10694,10694,10694,10694,10694,10694,10694,
	10694,10694,10694,10694,10694,10694,10694,10694,10694,10694,10694,10694,10694,10694,10694,10694,
	10694,10694,10694,10694,10694,10694,10694,10694,10694,10694,10694,10694,10694,10694,10694,10694,
	10694,10694,10694,10694,10694,10694,10694,10694,10694,10694,10694,10694,10694,10694,10694,10694,
	10694,10694,10694,10710,10710,10710,10710,10710,10710,10715,10731,10735,10751,10761,10761,10761,
	10761,10761,10761,10761,10761,10761,10761,10761,10761,10761,10761,10761,10761,10761,10761,10761,
	10761,10761,10761,10761,10761,10761,10761,10761,10761,10761,10761,10761,10761,10761,10761,10761,
	10761,10761,10761,10761,10761,10761,10761,10761,10761,10761,10761,10761,10761,10761,10761,10761,
	10761,10761,10761,10761,10761,10761,10761,10761,10761,10761,10761,10761,10761,10777,10787,10787,
	10787,10787,10787,10787,10787,10787,10787,10787,10787,10787,10787,10787,10787,10787,10787,10787,
	10787,10787,10787,10787,10787,10787,10787,10787,10787,10787,10787,10787,10787,10787,10787,10787,
	10787,10787,10787,10787,10787,10787,10787,10787,10787,10787,10787,10787,10787,10787,10787,10787,
	10787,10787,10787,10787,10787,10787,10787,10787,10787,10787,10787,10787,10787,10787,10803,10809,
	10819,10831,10835,10849,10857,10865,10879,10883,10899,10913,10926,10942,10948,10958,10970,10983,
	10997,11005,11021,11036,11040,11052,11062,11068,11084,11090,11100,11112,11116,11130,11138,11146,
	11160,11164,11176,11186,11192,11208,11214,11224,11234,11242,11257,11262,11276,11281,11293,11304,
	11316,11327,11333,11349,11355,11371,11378,11394,11401,11411,11424,11438,11438,11438,11454,11454,
	11454,11454,11454,11454,11454,11454,11454,11454,11454,11454,11454,11454,11454,11454,11454,11454,
	11454,11454,11454,11454,11454,11454,11454,11454,11454,11454,11454,11454,11454,11454,11454,11454,
	11454,11454,11454,11454,11454,11454,11454,11454,11454,11454,11454,11454,11454,11454,11454,11454,
	11454,11454,11454,11454,11454,11454,11454,11454,11454,11454,11454,11454,11454,11454,11470,11481,
	11496,11507,11507,11507,11507,11507,11507,11507,11507,11507,11507,11507,11507,11507,11523,11523,
	11523,11525,11539,11539,11539,11539,11539,11539,11539,11539,11539,11555,11555,11558,11571,11587,
	11602,11602,11602,11602,11602,11602,11602,11602,11602,11602,11602,11602,11602,11602,11602,11602,
	11602,11602,11602,11602,11618,11620,11634,11650,11650,11654,11670,11680,11680,11680,11680,11680,
	11680,11680,11680,11680,11680,11680,11680,11680,11680,11680,11680,11696,11700,11716,11726,11726,
	11726,11726,11726,11726,11726,11726,11726,11726,11726,11726,11726,11742,11744,11760,11771,11771,
	11771,11771,11771,11771,11771,11771,11771,11771,11771,11771,11787,11788,11800,11809,11825,11825,
	11825,11825,11825,11825,11825,11825,11825,11825,11825,11825,11825,11825,11841,11857,11873,11873,
	11873,11873,11873,11873,11873,11873,11873,11873,11873,11873,11884,11889,11889,11889,11905,11905,
	11919,11921,11933,11949,11959,11959,11959,11959,11959,11959,11959,11959,11959,11959,11959,11959,
	11959,11959,11959,11959,11959,11959,11959,11959,11959,11959,11959,11959,11959,11959,11959,11959,
	11959,11959,11959,11959,11959,11959,11959,11959,11959,11959,11959,11959,11959,11959,11975,11980,
	11996,12009,12023,12039,12053,12061,12077,12088,12103,12114,12126,12126,12126,12126,12126,12126,
	12126,12126,12126,12126,12126,12126,12126,12126,12126,12126,12126,12126,12126,12126,12126,12126,
	12126,12126,12126,12126,12126,12126,12126,12126,12126,12126,12126,12126,12126,12126,12126,12126,
	12126,12126,12126,12126,12126,12126,12126,12126,12126,12126,12126,12126,12126,12126,12126,12126,
	12126,12126,12126,12126,12126,12126,12126,12126,12126,12126,12142,12152,12152,12152,12152,12152,
	12152,12152,12152,12152,12152,12152,12152,12152,12152,12152,12152,12152,12152,12152,12152,12152,
	12152,12152,12152,12152,12152,12152,12152,12152,12152,12152,12152,12152,12152,12152,12152,12152,
	12152,12152,12152,12152,12152,12152,12152,12152,12152,12152,12152,12152,12152,12152,12152,12152,
	12152,12152,12152,12152,12152,12152,12152,12152,12152,12152,12152,12168,12168,12168,12168,12168,
	12168,12168,12168,12168,12168,12168,12168,12168,12168,12168,12168,12168,12168,12168,12168,12168,
	12168,12168,12168,12168,12168,12168,12168,12168,12168,12168,12168,12168,12168,12168,12168,12168,
	12168,12168,12168,12168,12168,12168,12168,12168,12168,12168,12168,12168,12168,12168,12168,12168,
	12168,12168,12168,12168,12168,12168,12168,12168,12168,12168,12168,12184,12184,12200,12200,12200,
	12200,12200,12200,12200,12200,12200,12200,12200,12200,12200,12200,12200,12200,12200,12200,12200,
	12200,12200,12200,12200,12200,12200,12200,12200,12200,12200,12200,12200,12200,12200,12200,12200,
	12200,12200,12200,12200,12200,12200,12200,12200,12200,12200,12200,12200,12200,12200,12200,12200,
	12200,12200,12200,12200,12200,12200,12200,12200,12200,12200,12200,12200,12200,12202,12218,12218,
	12218,12218,12218,12218,12218,12218,12218,12218,12218,12218,12218,12218,12218,12218,12218,12218,
	12218,12218,12218,12218,12218,12218,12218,12218,12218,12218,12218,12218,12218,12218,12218,12218,
	12218,12218,12218,12218,12218,12218,12218,12218,12218,12218,12218,12218,12218,12218,12218,12218,
	12218,12218,12218,12218,12218,12218,12218,12218,12218,12218,12218,12218,12218,12218,12220,12236,
	12236,12236,12236,12236,12236,12236,12236,12236,12236,12236,12236,12236,12236,12236,12236,12236,
	12236,12236,12236,12236,12236,12236,12236,12236,12236,12236,12236,12236,12236,12236,12236,12236,
	12236,12236,12236,12236,12236,12236,12236,12236,12236,12236,12236,12236,12236,12236,12236,12236,
	12236,12236,12236,12236,12236,12236,12236,12236,12236,12236,12236,12236,12236,12236,12236,12251,
	12267,12267,12267,12267,12267,12267,12267,12267,12267,12267,12267,12267,12267,12267,12267,12267,
	12267,12267,12267,12267,12267,12267,12267,12267,12267,12267,12267,12267,12267,12267,12267,12267,
	12267,12267,12267,12267,12267,12269,12283,12283,12283,12283,12283,12283,12283,12283,12283,12283,
	12283,12283,12283,12283,12283,12283,12283,12283,12283,12283,12283,12283,12283,12283,12283,12283,
	12283,12283,12283,12283,12283,12283,12283,12283,12283,12283,12283,12283,12283,12283,12283,12283,
	12283,12283,12283,12283,12283,12283,12283,12283,12283,12283,12283,12283,12283,12283,12283,12283,
	12283,12283,12283,12283,12283,12283,12299,12299,12299,12299,12299,12299,12299,12299,12299,12299,
	12299,12299,12299,12299,12299,12299,12299,12299,12299,12299,12299,12299,12299,12299,12299,12299,
	12299,12299,12299,12299,12299,12299,12299,12301,12315,12315,12315,12315,12315,12315,12315,12315,
	12315,12315,12315,12315,12315,12315,12315,12315,12315,12315,12315,12315,12315,12315,12315,12315,
	12315,12315,12315,12315,12315,12315,12315,12315,12315,12315,12315,12315,12315,12315,12315,12315,
	12315,12315,12315,12315,12315,12315,12315,12315,12315,12315,12315,12315,12315,12315,12315,12315,
	12315,12315,12315,12315,12315,12315,12315,12315,12331,12331,12331,12331,12331,12331,12331,12331,
	12331,12331,12331,12331,12331,12331,12331,12331,12331,12331,12331,12331,12331,12331,12331,12331,
	12331,12331,12331,12331,12331,12331,12331,12331,12331,12331,12331,12331,12331,12331,12331,12331,
	12331,12331,12331,12331,12331,12331,12331,12331,12331,12331,12331,12331,12331,12331,12331,12331,
	12331,12331,12331,12331,12331,12331,12331,12331,12336,12352,12352,12352,12352,12352,12352,12352,
	12352,12352,12352,12352,12352,12352,12352,12352,12352,12352,12352,12352,12352,12352,12352,12352,
	12352,12352,12352,12352,12352,12352,12352,12352,12352,12352,12352,12352,12352,12352,12352,12352,
	12352,12352,12352,12352,12352,12352,12352,12352,12352,12352,12352,12352,12352,12352,12352,12352,
	12352,12352,12352,12352,12352,12352,12352,12352,12352,12358,12368,12368,12368,12368,12368,12368,
	12368,12368,12368,12368,12368,12368,12368,12368,12368,12368,12368,12368,12368,12368,12368,12368,
	12368,12368,12368,12368,12368,12368,12368,12368,12368,12368,12368,12368,12368,12368,12368,12368,
	12368,12368,12368,12368,12368,12368,12368,12368,12368,12368,12368,12368,12368,12368,12368,12368,
	12368,12368,12368,12368,12368,12368,12368,12368,12368,12368,
};
static
ushort	_mergedidx1[2048] =
{
	0,64,128,192,256,320,383,447,511,564,579,643,707,771,771,771,
	771,771,771,807,839,839,839,839,839,839,839,839,839,839,839,839,
	839,839,839,839,839,839,839,839,839,895,959,1023,1023,1023,1023,1023,
	1023,1023,1023,1023,1023,1029,1093,1093,1093,1093,1093,1093,1093,1093,1141,1203,
	1267,1331,1395,1459,1523,1587,1651,1715,1779,1837,1858,1865,1929,1990,1996,1996,
	1997,2061,2098,2098,2098,2098,2098,2098,2146,2166,2230,2287,2351,2351,2351,2351,
	2351,2351,2351,2402,2434,2434,2434,2434,2434,2434,2434,2435,2499,2547,2547,2611,
	2621,2621,2621,2670,2686,2750,2814,2830,2891,2942,3006,3038,3082,3082,3083,3147,
	3211,3211,3211,3211,3211,3211,3211,3211,3211,3211,3211,3211,3211,3211,3211,3211,
	3211,3211,3211,3211,3211,3211,3211,3211,3211,3211,3211,3211,3211,3211,3211,3211,
	3211,3211,3211,3211,3211,3211,3211,3211,3211,3229,3277,3277,3277,3277,3340,3342,
	3342,3342,3342,3364,3407,3407,3407,3407,3407,3407,3409,3472,3510,3510,3574,3608,
	3672,3672,3672,3672,3684,3737,3737,3737,3737,3737,3737,3737,3737,3794,3802,3802,
	3802,3802,3802,3802,3802,3802,3802,3802,3802,3802,3802,3802,3802,3802,3802,3802,
	3802,3802,3802,3802,3802,3802,3802,3802,3802,3802,3802,3802,3802,3802,3802,3802,
	3802,3802,3802,3802,3802,3802,3802,3802,3802,3802,3802,3802,3802,3802,3802,3802,
	3802,3802,3802,3802,3802,3802,3802,3802,3802,3802,3802,3802,3802,3802,3802,3802,
	3802,3802,3802,3802,3802,3802,3802,3802,3802,3802,3802,3802,3802,3802,3802,3802,
	3802,3802,3802,3802,3802,3802,3802,3802,3802,3802,3802,3802,3802,3802,3802,3802,
	3802,3802,3802,3802,3802,3802,3802,3802,3802,3802,3802,3802,3802,3802,3802,3802,
	3802,3802,3802,3802,3802,3802,3802,3802,3802,3802,3802,3802,3802,3802,3802,3802,
	3802,3802,3802,3802,3802,3802,3802,3802,3802,3802,3802,3802,3802,3802,3802,3802,
	3802,3802,3802,3802,3802,3802,3802,3802,3802,3802,3802,3802,3802,3802,3802,3802,
	3802,3802,3802,3802,3802,3802,3802,3802,3802,3802,3802,3802,3802,3802,3802,3802,
	3802,3802,3802,3802,3802,3802,3802,3802,3802,3802,3802,3802,3802,3802,3802,3802,
	3802,3802,3802,3802,3802,3802,3802,3802,3802,3802,3802,3802,3802,3802,3802,3802,
	3802,3802,3802,3802,3802,3802,3802,3802,3802,3802,3802,3802,3802,3802,3802,3802,
	3802,3802,3802,3802,3802,3802,3802,3802,3802,3802,3802,3802,3802,3802,3802,3802,
	3802,3802,3802,3802,3802,3802,3802,3802,3802,3802,3802,3802,3802,3802,3802,3802,
	3802,3802,3802,3802,3802,3802,3802,3802,3802,3802,3802,3802,3802,3802,3802,3802,
	3802,3802,3802,3802,3802,3802,3802,3802,3802,3802,3802,3802,3802,3802,3802,3802,
	3802,3802,3802,3802,3802,3802,3802,3802,3802,3802,3802,3802,3802,3802,3802,3802,
	3802,3802,3802,3802,3802,3802,3802,3802,3802,3802,3802,3802,3802,3802,3802,3802,
	3802,3802,3802,3802,3802,3802,3802,3802,3802,3802,3802,3802,3802,3802,3802,3802,
	3802,3802,3802,3802,3802,3802,3802,3802,3802,3802,3802,3802,3802,3802,3802,3802,
	3802,3802,3802,3802,3802,3802,3802,3802,3802,3802,3802,3802,3802,3802,3802,3802,
	3802,3802,3802,3802,3802,3802,3802,3802,3802,3802,3802,3802,3802,3802,3802,3802,
	3802,3802,3802,3802,3802,3802,3802,3802,3802,3802,3802,3802,3802,3802,3802,3802,
	3802,3802,3802,3802,3802,3802,3802,3802,3802,3802,3802,3802,3802,3802,3802,3802,
	3802,3802,3802,3802,3802,3802,3802,3802,3802,3802,3802,3802,3802,3802,3802,3802,
	3802,3802,3802,3802,3802,3802,3802,3802,3802,3802,3802,3802,3802,3802,3802,3802,
	3802,3802,3802,3802,3802,3802,3802,3802,3802,3802,3802,3802,3802,3802,3802,3802,
	3802,3802,3802,3802,3802,3802,3802,3802,3802,3802,3802,3802,3802,3802,3802,3802,
	3802,3802,3802,3802,3802,3802,3802,3802,3802,3802,3802,3802,3802,3802,3802,3802,
	3802,3802,3802,3802,3802,3802,3802,3802,3802,3802,3802,3802,3802,3802,3802,3802,
	3802,3802,3802,3802,3802,3802,3802,3802,3802,3802,3802,3802,3802,3802,3802,3802,
	3802,3802,3802,3802,3802,3802,3802,3802,3802,3802,3802,3802,3802,3802,3802,3802,
	3802,3802,3802,3802,3802,3802,3802,3802,3802,3802,3802,3802,3802,3802,3802,3802,
	3802,3802,3802,3802,3802,3802,3802,3802,3802,3802,3802,3802,3802,3802,3802,3802,
	3802,3802,3802,3802,3802,3802,3802,3802,3802,3802,3802,3802,3802,3802,3802,3802,
	3802,3802,3802,3802,3802,3802,3802,3802,3802,3802,3802,3802,3802,3802,3802,3802,
	3802,3802,3802,3802,3802,3802,3802,3802,3802,3802,3802,3802,3802,3802,3802,3802,
	3802,3802,3802,3802,3802,3802,3802,3802,3802,3802,3802,3802,3802,3802,3802,3802,
	3802,3802,3802,3802,3802,3802,3802,3802,3802,3802,3802,3802,3802,3802,3802,3802,
	3802,3802,3802,3802,3802,3802,3802,3802,3802,3802,3802,3802,3802,3802,3802,3802,
	3802,3802,3802,3802,3802,3802,3802,3802,3802,3802,3802,3802,3802,3802,3802,3802,
	3802,3802,3802,3802,3802,3802,3802,3802,3802,3802,3802,3802,3802,3802,3802,3802,
	3802,3802,3802,3802,3802,3802,3802,3802,3802,3802,3802,3802,3802,3802,3802,3802,
	3802,3802,3802,3802,3802,3802,3802,3802,3802,3802,3802,3802,3802,3802,3802,3802,
	3802,3802,3802,3802,3802,3802,3802,3802,3802,3802,3802,3802,3802,3802,3802,3802,
	3802,3802,3802,3802,3802,3802,3802,3802,3802,3802,3802,3802,3802,3802,3802,3802,
	3802,3802,3802,3802,3802,3802,3802,3802,3802,3802,3802,3802,3802,3802,3802,3802,
	3802,3802,3802,3802,3802,3802,3802,3802,3802,3802,3802,3802,3802,3802,3802,3802,
	3802,3802,3802,3802,3802,3802,3802,3802,3802,3802,3802,3802,3802,3802,3802,3802,
	3802,3802,3802,3802,3802,3802,3802,3802,3802,3802,3802,3802,3802,3802,3802,3802,
	3802,3802,3802,3802,3802,3802,3802,3802,3802,3802,3802,3802,3802,3802,3802,3802,
	3802,3802,3802,3802,3802,3802,3802,3802,3802,3802,3802,3802,3802,3802,3802,3802,
	3802,3802,3802,3802,3802,3802,3802,3802,3802,3802,3802,3802,3802,3802,3802,3802,
	3802,3802,3802,3802,3802,3802,3802,3802,3802,3802,3802,3802,3802,3802,3802,3802,
	3802,3802,3802,3802,3802,3802,3802,3802,3802,3802,3802,3802,3802,3802,3802,3802,
	3802,3802,3802,3802,3802,3802,3802,3802,3802,3802,3802,3802,3802,3802,3802,3802,
	3802,3802,3802,3802,3802,3802,3802,3802,3802,3802,3802,3802,3802,3802,3802,3802,
	3802,3802,3802,3802,3802,3802,3802,3802,3802,3802,3802,3802,3802,3802,3802,3802,
	3802,3802,3802,3802,3802,3802,3802,3802,3802,3802,3802,3802,3802,3802,3802,3802,
	3802,3802,3802,3802,3802,3802,3802,3802,3802,3802,3802,3802,3802,3802,3802,3802,
	3802,3802,3802,3802,3802,3802,3802,3802,3802,3802,3802,3802,3802,3802,3802,3802,
	3802,3802,3802,3802,3802,3802,3802,3802,3802,3802,3802,3802,3802,3802,3802,3802,
	3802,3802,3802,3802,3802,3802,3802,3802,3802,3802,3802,3802,3802,3802,3802,3802,
	3802,3802,3802,3802,3802,3802,3802,3802,3802,3802,3802,3802,3802,3802,3802,3802,
	3802,3802,3802,3802,3802,3802,3802,3802,3802,3802,3802,3802,3802,3802,3802,3802,
	3802,3802,3802,3802,3802,3802,3802,3802,3802,3802,3802,3802,3802,3802,3802,3802,
	3802,3802,3802,3802,3802,3802,3802,3802,3802,3802,3802,3802,3802,3802,3802,3802,
	3802,3802,3802,3802,3802,3802,3802,3802,3802,3802,3802,3802,3802,3802,3802,3802,
	3802,3802,3802,3802,3802,3802,3802,3802,3802,3802,3802,3802,3802,3802,3802,3802,
	3802,3802,3802,3802,3802,3802,3802,3802,3802,3802,3802,3802,3802,3802,3802,3802,
	3802,3802,3802,3802,3802,3802,3802,3802,3802,3802,3802,3802,3802,3802,3802,3802,
	3802,3802,3802,3802,3802,3802,3802,3802,3802,3802,3802,3802,3802,3802,3802,3802,
	3802,3802,3802,3802,3802,3802,3802,3802,3802,3802,3802,3802,3802,3802,3802,3802,
	3802,3802,3802,3802,3802,3802,3802,3802,3802,3802,3802,3802,3802,3802,3802,3802,
	3802,3802,3802,3802,3802,3802,3802,3802,3802,3802,3802,3802,3802,3802,3802,3802,
	3802,3802,3802,3802,3802,3802,3802,3802,3802,3802,3802,3802,3802,3802,3802,3802,
	3802,3802,3802,3802,3802,3802,3802,3802,3802,3802,3802,3802,3802,3802,3802,3802,
	3802,3802,3802,3802,3802,3802,3802,3802,3802,3802,3802,3802,3802,3802,3802,3802,
	3802,3802,3802,3802,3802,3802,3802,3802,3802,3802,3802,3802,3802,3802,3802,3802,
	3802,3802,3802,3802,3802,3802,3802,3802,3802,3802,3802,3802,3802,3802,3802,3802,
	3802,3802,3802,3802,3802,3802,3802,3802,3802,3802,3802,3802,3802,3802,3802,3802,
	3802,3802,3802,3802,3802,3802,3802,3802,3802,3802,3802,3802,3802,3802,3802,3802,
	3802,3802,3802,3802,3802,3802,3802,3802,3802,3802,3802,3802,3802,3802,3802,3802,
	3802,3802,3802,3802,3802,3802,3802,3802,3802,3802,3802,3802,3802,3802,3802,3802,
	3802,3802,3802,3802,3802,3802,3802,3802,3802,3802,3802,3802,3802,3802,3802,3802,
	3802,3802,3802,3802,3802,3802,3802,3802,3802,3802,3802,3802,3802,3802,3802,3802,
	3802,3802,3802,3802,3802,3802,3802,3802,3802,3802,3802,3802,3802,3802,3802,3802,
	3802,3802,3802,3802,3802,3802,3802,3802,3802,3802,3802,3802,3802,3802,3802,3802,
	3802,3802,3802,3802,3802,3802,3802,3802,3802,3802,3802,3802,3802,3802,3802,3802,
	3802,3802,3802,3802,3802,3802,3802,3802,3802,3802,3802,3802,3802,3802,3802,3802,
	3802,3802,3802,3802,3802,3802,3802,3802,3802,3802,3802,3802,3802,3802,3802,3802,
	3802,3802,3802,3802,3802,3802,3802,3802,3802,3802,3802,3802,3802,3802,3802,3802,
	3802,3802,3802,3802,3802,3802,3802,3802,3802,3802,3802,3802,3802,3802,3802,3802,
	3802,3802,3802,3802,3802,3802,3802,3802,3802,3802,3802,3802,3802,3802,3802,3802,
	3802,3802,3802,3802,3802,3802,3802,3802,3802,3802,3802,3802,3802,3802,3802,3802,
	3802,3802,3802,3802,3802,3802,3802,3802,3802,3802,3802,3802,3802,3802,3802,3802,
	3802,3802,3802,3802,3802,3802,3802,3802,3802,3802,3802,3802,3802,3802,3802,3802,
	3802,3802,3802,3802,3802,3802,3802,3802,3802,3802,3802,3802,3802,3802,3802,3802,
	3802,3802,3802,3802,3802,3802,3802,3802,3802,3802,3802,3802,3802,3802,3802,3802,
	3802,3802,3802,3802,3802,3802,3802,3802,3802,3802,3802,3802,3802,3802,3802,3802,
	3802,3802,3802,3802,3802,3802,3802,3802,3802,3802,3802,3802,3802,3802,3802,3802,
	3802,3802,3802,3802,3802,3802,3802,3802,3802,3802,3802,3802,3802,3802,3802,3802,
	3802,3802,3802,3802,3802,3802,3802,3802,3802,3802,3802,3802,3802,3802,3802,3802,
	3802,3802,3802,3802,3802,3802,3802,3802,3802,3802,3802,3802,3802,3802,3802,3802,
	3802,3802,3802,3802,3802,3802,3802,3802,3802,3802,3802,3802,3802,3802,3802,3802,
	3802,3802,3802,3802,3802,3802,3802,3802,3802,3802,3802,3802,3802,3802,3802,3802,
	3802,3802,3802,3802,3802,3802,3802,3802,3802,3802,3802,3802,3802,3802,3802,3802,
	3802,3802,3802,3802,3802,3802,3802,3802,3802,3802,3802,3802,3802,3802,3802,3802,
	3802,3802,3802,3802,3802,3802,3802,3802,3802,3802,3802,3802,3802,3802,3802,3802,
	3802,3802,3802,3802,3802,3802,3802,3802,3802,3802,3802,3802,3802,3802,3802,3802,
	3802,3802,3802,3802,3802,3802,3802,3802,3802,3802,3802,3802,3802,3802,3802,3802,
	3802,3802,3802,3802,3802,3802,3802,3802,3802,3802,3802,3802,3802,3802,3802,3802,
	3802,3802,3802,3802,3802,3802,3802,3802,3802,3802,3802,3802,3802,3802,3802,3802,
	
};

#define mergedindex1(x) (((x)>>(4+6))&0x7FF)
#define mergedindex2(x) (((x)>>4)&0x3F)
#define mergedoffset(x) ((x)&0xF)
#define mergedlkup(x) (_mergeddata[_mergedidx2[_mergedidx1[mergedindex1(x)] + mergedindex2(x)] + mergedoffset(x)] )

static
enum {
	Lspace = 1<<0,
	Lalpha = 1<<1,
	Ldigit = 1<<2,
	Lupper = 1<<3,
	Llower = 1<<4,
	Ltitle = 1<<5,
};
